9.83696, 0.217391, -8.61082
9.77041, 0.127551, -9.37066
8.77841, 0, -8.94886
8.77841, 0, -8.94886
8.0625, 0, -8.28125
8.86364, 0, -7.64205
7.875, 0, -7.1875
8.86364, 0, -7.64205
8.0625, 0, -8.28125
9.82143, 0.159439, -7.83259
9.83696, 0.217391, -8.61082
8.86364, 0, -7.64205
8.86364, 0, -7.64205
9.83696, 0.217391, -8.61082
8.77841, 0, -8.94886
9.79545, 0.147727, -6.88589
9.41406, 0, -5.89844
10, 0.388889, -5.91595
9.41406, 0, -5.89844
9.79545, 0.147727, -6.88589
8.67188, 0, -6.45833
10, 0.388889, -5.91595
9.41406, 0, -5.89844
9.54082, 0.0127551, -4.99701
9.54082, 0.0127551, -4.99701
9.41406, 0, -5.89844
8.4375, 0, -5.15625
8.4375, 0, -5.15625
9.41406, 0, -5.89844
8.67188, 0, -6.45833
6.04167, 0, -4.97396
7.36979, 0, -5.07812
6.39423, 0, -5.98558
6.39423, 0, -5.98558
7.36979, 0, -5.07812
7.62019, 0, -6.12981
5.07812, 0, -4.55729
6.04167, 0, -4.97396
5, 0, -5.66964
6.04167, 0, -4.97396
6.39423, 0, -5.98558
5, 0, -5.66964
6.75481, 0, -7.06731
7.62019, 0, -6.12981
7.875, 0, -7.1875
7.62019, 0, -6.12981
6.75481, 0, -7.06731
6.39423, 0, -5.98558
9.79545, 0.147727, -6.88589
9.82143, 0.159439, -7.83259
8.86364, 0, -7.64205
8.67188, 0, -6.45833
9.79545, 0.147727, -6.88589
8.86364, 0, -7.64205
8.67188, 0, -6.45833
7.62019, 0, -6.12981
8.4375, 0, -5.15625
8.4375, 0, -5.15625
7.62019, 0, -6.12981
7.36979, 0, -5.07812
7.62019, 0, -6.12981
8.67188, 0, -6.45833
7.875, 0, -7.1875
7.875, 0, -7.1875
8.67188, 0, -6.45833
8.86364, 0, -7.64205
9.92861, 0.279276, -2.18233
9.67105, 0.0986842, -3.07998
8.98438, 0, -2.08333
9.67105, 0.0986842, -3.07998
8.24519, 0, -2.93269
8.98438, 0, -2.08333
9.67105, 0.0986842, -3.07998
8.77841, 0, -3.94886
8.24519, 0, -2.93269
8.77841, 0, -3.94886
9.67105, 0.0986842, -3.07998
9.78774, 0.117924, -4.07028
9.0375, 0, -0.65
9.82604, 0.183152, -1.31862
8.98438, 0, -2.08333
9.82604, 0.183152, -1.31862
9.92861, 0.279276, -2.18233
8.98438, 0, -2.08333
9.93697, 0.303405, -0.453757
9.82604, 0.183152, -1.31862
9.0375, 0, -0.65
6.82692, 0, -1.73077
7.9375, 0, -1.6875
7.03125, 0, -2.96875
6.14583, 0, -0.46875
6.82692, 0, -1.73077
5.84375, 0, -1.34375
6.82692, 0, -1.73077
7.1875, 0, -0.535714
7.9375, 0, -1.6875
6.14583, 0, -0.46875
7.1875, 0, -0.535714
6.82692, 0, -1.73077
9.0375, 0, -0.65
7.9375, 0, -1.6875
8.125, 0, -0.535714
7.1875, 0, -0.535714
8.125, 0, -0.535714
7.9375, 0, -1.6875
7.9375, 0, -1.6875
8.24519, 0, -2.93269
7.03125, 0, -2.96875
8.24519, 0, -2.93269
7.9375, 0, -1.6875
8.98438, 0, -2.08333
9.0375, 0, -0.65
8.98438, 0, -2.08333
7.9375, 0, -1.6875
5.15625, 0, -2.03125
4.18269, 0, -1.63461
4.85417, 0, -0.583333
3.62981, 0, -0.504808
4.85417, 0, -0.583333
4.18269, 0, -1.63461
2.04167, 0, -2.64583
1.67411, 0, -1.65179
2.93269, 0, -1.44231
1.67411, 0, -1.65179
2.30769, 0, -0.504808
2.93269, 0, -1.44231
1.25, 0, -0.535714
2.30769, 0, -0.504808
1.67411, 0, -1.65179
3.33333, 0, -3.46354
4.53125, 0, -3.6875
3.88393, 0, -4.57589
3.88393, 0, -4.57589
4.53125, 0, -3.6875
5.07812, 0, -4.55729
3.29327, 0, -2.45192
4.48864, 0, -2.84091
3.33333, 0, -3.46354
4.48864, 0, -2.84091
4.53125, 0, -3.6875
3.33333, 0, -3.46354
2.93269, 0, -1.44231
3.62981, 0, -0.504808
4.18269, 0, -1.63461
2.93269, 0, -1.44231
2.30769, 0, -0.504808
3.62981, 0, -0.504808
2.93269, 0, -1.44231
3.29327, 0, -2.45192
2.04167, 0, -2.64583
4.48864, 0, -2.84091
3.29327, 0, -2.45192
4.18269, 0, -1.63461
4.48864, 0, -2.84091
4.18269, 0, -1.63461
5.15625, 0, -2.03125
3.29327, 0, -2.45192
2.93269, 0, -1.44231
4.18269, 0, -1.63461
8.77841, 0, -3.94886
9.54082, 0.0127551, -4.99701
8.4375, 0, -5.15625
9.78774, 0.117924, -4.07028
9.54082, 0.0127551, -4.99701
8.77841, 0, -3.94886
8.24519, 0, -2.93269
8.77841, 0, -3.94886
7.73438, 0, -3.93229
8.24519, 0, -2.93269
7.73438, 0, -3.93229
7.03125, 0, -2.96875
7.36979, 0, -5.07812
7.73438, 0, -3.93229
8.4375, 0, -5.15625
7.73438, 0, -3.93229
8.77841, 0, -3.94886
8.4375, 0, -5.15625
5.98958, 0, -2.65625
6.82692, 0, -1.73077
7.03125, 0, -2.96875
6.14583, 0, -0.46875
5.84375, 0, -1.34375
4.85417, 0, -0.583333
5.84375, 0, -1.34375
5.15625, 0, -2.03125
4.85417, 0, -0.583333
5.15625, 0, -2.03125
5.84375, 0, -1.34375
5.98958, 0, -2.65625
5.98958, 0, -2.65625
5.84375, 0, -1.34375
6.82692, 0, -1.73077
5.15625, 0, -2.03125
5.98958, 0, -2.65625
4.48864, 0, -2.84091
4.48864, 0, -2.84091
5.98958, 0, -2.65625
5.72917, 0, -3.59375
4.48864, 0, -2.84091
5.72917, 0, -3.59375
4.53125, 0, -3.6875
6.04167, 0, -4.97396
6.71875, 0, -4.21875
7.36979, 0, -5.07812
4.53125, 0, -3.6875
5.72917, 0, -3.59375
5.07812, 0, -4.55729
5.07812, 0, -4.55729
5.72917, 0, -3.59375
6.04167, 0, -4.97396
6.04167, 0, -4.97396
5.72917, 0, -3.59375
6.71875, 0, -4.21875
7.36979, 0, -5.07812
6.71875, 0, -4.21875
7.73438, 0, -3.93229
5.98958, 0, -2.65625
7.03125, 0, -2.96875
5.72917, 0, -3.59375
5.72917, 0, -3.59375
7.03125, 0, -2.96875
6.71875, 0, -4.21875
6.71875, 0, -4.21875
7.03125, 0, -2.96875
7.73438, 0, -3.93229
8.75, 0.159396, -10.0377
9.77041, 0.127551, -9.37066
9.7721, 0.308245, -10.0957
8.77841, 0, -8.94886
9.77041, 0.127551, -9.37066
8.75, 0.159396, -10.0377
8.0625, 0, -8.28125
7.21591, 0, -8.23864
7.875, 0, -7.1875
7.8125, 0.295153, -10.2261
7.69886, 0, -9.40341
8.75, 0.159396, -10.0377
8.0625, 0, -8.28125
7.69886, 0, -9.40341
7.21591, 0, -8.23864
7.69886, 0, -9.40341
8.77841, 0, -8.94886
8.75, 0.159396, -10.0377
8.0625, 0, -8.28125
8.77841, 0, -8.94886
7.69886, 0, -9.40341
5, 0, -5.66964
6.39423, 0, -5.98558
5.50481, 0, -6.75481
5.05682, 0, -7.64205
5.50481, 0, -6.75481
6.12981, 0, -8.00481
5.50481, 0, -6.75481
6.39423, 0, -5.98558
6.75481, 0, -7.06731
5.50481, 0, -6.75481
6.75481, 0, -7.06731
6.12981, 0, -8.00481
5.05682, 0, -7.64205
5.46875, 0, -8.90625
4.45312, 0, -8.61979
5.46875, 0, -8.90625
6.12981, 0, -8.00481
6.64062, 0, -9.16667
5.46875, 0, -8.90625
5.05682, 0, -7.64205
6.12981, 0, -8.00481
4.77627, 0.0385051, -9.78495
5.46875, 0, -8.90625
5.99492, 0.12003, -9.96489
5.99492, 0.12003, -9.96489
6.64062, 0, -9.16667
6.91576, 0.408666, -10.313
6.91576, 0.408666, -10.313
7.69886, 0, -9.40341
7.8125, 0.295153, -10.2261
6.91576, 0.408666, -10.313
6.64062, 0, -9.16667
7.69886, 0, -9.40341
5.99492, 0.12003, -9.96489
5.46875, 0, -8.90625
6.64062, 0, -9.16667
7.875, 0, -7.1875
7.21591, 0, -8.23864
6.75481, 0, -7.06731
6.75481, 0, -7.06731
7.21591, 0, -8.23864
6.12981, 0, -8.00481
7.69886, 0, -9.40341
6.64062, 0, -9.16667
7.21591, 0, -8.23864
6.12981, 0, -8.00481
7.21591, 0, -8.23864
6.64062, 0, -9.16667
3.29327, 0, -2.45192
3.33333, 0, -3.46354
2.04167, 0, -2.64583
2.04167, 0, -2.64583
3.33333, 0, -3.46354
2.53906, 0, -4.08203
2.5625, 0, -5.46875
2.53906, 0, -4.08203
3.50961, 0, -5.50481
2.53906, 0, -4.08203
3.88393, 0, -4.57589
3.50961, 0, -5.50481
2.53906, 0, -4.08203
3.33333, 0, -3.46354
3.88393, 0, -4.57589
1.67411, 0, -1.65179
0.394737, 0.0493421, -1.5674
1.25, 0, -0.535714
1.25, 0, -0.535714
0.394737, 0.0493421, -1.5674
0.191556, 0.167588, -0.514112
0.397727, 0.0331439, -2.60115
1.67411, 0, -1.65179
2.04167, 0, -2.64583
0.397727, 0.0331439, -2.60115
0.394737, 0.0493421, -1.5674
1.67411, 0, -1.65179
1.33333, 0, -3.54167
0.193965, 0.113147, -3.79357
0.397727, 0.0331439, -2.60115
0.193965, 0.113147, -3.79357
0.6875, 0, -4.78125
0.0490196, 0.294118, -5.00471
0.6875, 0, -4.78125
1.33333, 0, -3.54167
1.68269, 0, -4.80769
0.6875, 0, -4.78125
0.193965, 0.113147, -3.79357
1.33333, 0, -3.54167
2.04167, 0, -2.64583
1.33333, 0, -3.54167
0.397727, 0.0331439, -2.60115
1.33333, 0, -3.54167
2.53906, 0, -4.08203
1.68269, 0, -4.80769
1.68269, 0, -4.80769
2.53906, 0, -4.08203
2.5625, 0, -5.46875
2.53906, 0, -4.08203
1.33333, 0, -3.54167
2.04167, 0, -2.64583
0.0625, 0.273438, -7.65477
0.229592, 0.114796, -6.84814
1.13636, 0, -7.78409
1.13636, 0, -7.78409
0.229592, 0.114796, -6.84814
1.25, 0, -6.875
1.13636, 0, -7.78409
1.25, 0, -6.875
2.30114, 0, -7.52841
2.30114, 0, -7.52841
1.25, 0, -6.875
2.24432, 0, -6.47727
1.35417, 0, -5.85938
1.25, 0, -6.875
0.197368, 0.164474, -5.9648
1.25, 0, -6.875
0.229592, 0.114796, -6.84814
0.197368, 0.164474, -5.9648
0.225074, 0.390913, -10.1532
0.239362, 0.0930851, -9.35322
1.36957, 0.0308041, -9.77905
2.66947, 0.199859, -10.1266
1.36957, 0.0308041, -9.77905
2.34375, 0, -9.3125
2.34375, 0, -9.3125
1.36957, 0.0308041, -9.77905
1.25, 0, -8.75
1.25, 0, -8.75
0.239362, 0.0930851, -9.35322
0.220588, 0.122549, -8.4701
1.36957, 0.0308041, -9.77905
0.239362, 0.0930851, -9.35322
1.25, 0, -8.75
3.55663, 0, -9.4804
2.66947, 0.199859, -10.1266
2.34375, 0, -9.3125
3.86232, 0.461962, -10.3539
3.55663, 0, -9.4804
4.77627, 0.0385051, -9.78495
4.77627, 0.0385051, -9.78495
3.55663, 0, -9.4804
4.45312, 0, -8.61979
4.45312, 0, -8.61979
3.55663, 0, -9.4804
3.40909, 0, -8.32386
3.40909, 0, -8.32386
2.34375, 0, -8.4375
2.30114, 0, -7.52841
3.40909, 0, -8.32386
3.55663, 0, -9.4804
2.34375, 0, -8.4375
2.34375, 0, -8.4375
3.55663, 0, -9.4804
2.34375, 0, -9.3125
0.0625, 0.273438, -7.65477
1.13636, 0, -7.78409
0.220588, 0.122549, -8.4701
0.220588, 0.122549, -8.4701
1.13636, 0, -7.78409
1.25, 0, -8.75
2.34375, 0, -9.3125
1.25, 0, -8.75
2.34375, 0, -8.4375
1.13636, 0, -7.78409
2.30114, 0, -7.52841
2.34375, 0, -8.4375
2.34375, 0, -8.4375
1.25, 0, -8.75
1.13636, 0, -7.78409
5.07812, 0, -4.55729
5, 0, -5.66964
3.88393, 0, -4.57589
3.88393, 0, -4.57589
5, 0, -5.66964
3.50961, 0, -5.50481
5.05682, 0, -7.64205
4.25481, 0, -6.44231
5.50481, 0, -6.75481
5.50481, 0, -6.75481
4.25481, 0, -6.44231
5, 0, -5.66964
4.25481, 0, -6.44231
3.50961, 0, -5.50481
5, 0, -5.66964
1.35417, 0, -5.85938
2.5625, 0, -5.46875
2.24432, 0, -6.47727
1.68269, 0, -4.80769
2.5625, 0, -5.46875
1.35417, 0, -5.85938
1.68269, 0, -4.80769
1.35417, 0, -5.85938
0.6875, 0, -4.78125
0.0490196, 0.294118, -5.00471
0.6875, 0, -4.78125
0.197368, 0.164474, -5.9648
0.6875, 0, -4.78125
1.35417, 0, -5.85938
0.197368, 0.164474, -5.9648
1.25, 0, -6.875
1.35417, 0, -5.85938
2.24432, 0, -6.47727
3.40909, 0, -8.32386
2.30114, 0, -7.52841
3.19711, 0, -6.82692
4.00568, 0, -7.55682
3.40909, 0, -8.32386
3.19711, 0, -6.82692
4.77627, 0.0385051, -9.78495
4.45312, 0, -8.61979
5.46875, 0, -8.90625
5.05682, 0, -7.64205
4.45312, 0, -8.61979
4.00568, 0, -7.55682
4.00568, 0, -7.55682
4.45312, 0, -8.61979
3.40909, 0, -8.32386
2.24432, 0, -6.47727
2.5625, 0, -5.46875
3.19711, 0, -6.82692
3.19711, 0, -6.82692
3.50961, 0, -5.50481
4.25481, 0, -6.44231
2.5625, 0, -5.46875
3.50961, 0, -5.50481
3.19711, 0, -6.82692
2.24432, 0, -6.47727
3.19711, 0, -6.82692
2.30114, 0, -7.52841
5.05682, 0, -7.64205
4.00568, 0, -7.55682
4.25481, 0, -6.44231
4.25481, 0, -6.44231
4.00568, 0, -7.55682
3.19711, 0, -6.82692
9.68315, 6.75232, -12.3666
9.92418, 5.86442, -12.9299
10, 5.9325, -11.5968
10, 6.79688, -11.161
10, 5.9325, -11.5968
10, 6.54196, -10.1135
10, 6.54196, -10.1135
10, 5.9325, -11.5968
10, 5.56112, -10.4029
10, 5.9325, -11.5968
9.92418, 5.86442, -12.9299
10, 5.25729, -12.3217
10, 7.66369, -10.4354
9.80307, 7.60526, -11.678
10, 6.79688, -11.161
9.68315, 6.75232, -12.3666
10, 6.79688, -11.161
9.80307, 7.60526, -11.678
10, 7.30724, -7.46185
10, 7.85807, -8.39853
10, 6.68378, -8.60388
10, 6.68378, -8.60388
10, 7.30824, -9.40564
10, 6.54196, -10.1135
10, 6.68378, -8.60388
10, 7.85807, -8.39853
10, 7.30824, -9.40564
10, 6.79688, -11.161
9.68315, 6.75232, -12.3666
10, 5.9325, -11.5968
10, 6.79688, -11.161
10, 6.54196, -10.1135
10, 7.66369, -10.4354
10, 7.66369, -10.4354
10, 6.54196, -10.1135
10, 7.30824, -9.40564
10, 8.36957, -9.68641
9.81037, 9.14649, -10.4801
9.83169, 8.32345, -11.102
10, 8.36957, -9.68641
9.83169, 8.32345, -11.102
10, 7.66369, -10.4354
9.90385, 9.83173, -8.55437
9.66975, 9.90267, -9.81966
10, 9.3316, -9.40089
9.66975, 9.90267, -9.81966
9.81037, 9.14649, -10.4801
10, 9.3316, -9.40089
9.93182, 9.72727, -6.54414
9.77941, 9.88971, -7.51096
10, 8.9881, -7.5906
10, 9.3316, -9.40089
9.81037, 9.14649, -10.4801
10, 8.36957, -9.68641
9.77941, 9.88971, -7.51096
9.90385, 9.83173, -8.55437
10, 8.9881, -7.5906
10, 8.36957, -9.68641
10, 8.75781, -8.59214
10, 9.3316, -9.40089
9.90385, 9.83173, -8.55437
10, 8.75781, -8.59214
10, 8.9881, -7.5906
9.90385, 9.83173, -8.55437
10, 9.3316, -9.40089
10, 8.75781, -8.59214
9.83333, 9.84375, -5.46344
10, 8.76359, -5.24057
9.95455, 9.64205, -4.42192
9.94722, 9.76471, -0.904157
9.88839, 9.82143, -2.01179
10, 8.87961, -1.71401
10, 8.87961, -1.71401
9.88839, 9.82143, -2.01179
10, 8.8279, -2.99588
10, 8.8279, -2.99588
9.88839, 9.82143, -2.01179
9.9537, 9.7338, -3.31734
10, 8.39854, -4.19677
10, 8.76359, -5.24057
10, 7.70082, -5.18338
10, 7.70082, -5.18338
10, 8.76359, -5.24057
10, 7.5987, -6.28918
10, 7.5987, -6.28918
10, 8.76359, -5.24057
10, 8.75, -6.24024
10, 8.8279, -2.99588
9.9537, 9.7338, -3.31734
10, 8.39854, -4.19677
10, 8.76359, -5.24057
10, 8.39854, -4.19677
9.95455, 9.64205, -4.42192
10, 8.39854, -4.19677
9.9537, 9.7338, -3.31734
9.95455, 9.64205, -4.42192
9.83169, 8.32345, -11.102
9.80307, 7.60526, -11.678
10, 7.66369, -10.4354
10, 8.75781, -8.59214
10, 8.36957, -9.68641
10, 7.85807, -8.39853
10, 7.85807, -8.39853
10, 8.36957, -9.68641
10, 7.30824, -9.40564
10, 7.66369, -10.4354
10, 7.30824, -9.40564
10, 8.36957, -9.68641
9.83333, 9.84375, -5.46344
10, 8.75, -6.24024
10, 8.76359, -5.24057
10, 8.23191, -7.14383
10, 8.75, -6.24024
10, 8.9881, -7.5906
9.93182, 9.72727, -6.54414
10, 8.75, -6.24024
9.83333, 9.84375, -5.46344
10, 8.75, -6.24024
9.93182, 9.72727, -6.54414
10, 8.9881, -7.5906
10, 8.75, -6.24024
10, 8.23191, -7.14383
10, 7.5987, -6.28918
10, 7.5987, -6.28918
10, 8.23191, -7.14383
10, 7.30724, -7.46185
10, 7.30724, -7.46185
10, 8.23191, -7.14383
10, 7.85807, -8.39853
10, 8.23191, -7.14383
10, 8.9881, -7.5906
10, 7.85807, -8.39853
10, 7.85807, -8.39853
10, 8.9881, -7.5906
10, 8.75781, -8.59214
10, 4.23232, -12.2413
10, 5.25729, -12.3217
9.9031, 4.96282, -13.4483
9.92418, 5.86442, -12.9299
9.9031, 4.96282, -13.4483
10, 5.25729, -12.3217
10, 5.56112, -10.4029
10, 5.9325, -11.5968
10, 4.84375, -11.4221
10, 4.53125, -10.3725
10, 3.65837, -11.2858
10, 3.14718, -10.4884
10, 3.65837, -11.2858
10, 4.84375, -11.4221
10, 4.23232, -12.2413
10, 4.53125, -10.3725
10, 4.84375, -11.4221
10, 3.65837, -11.2858
10, 5.9325, -11.5968
10, 5.25729, -12.3217
10, 4.84375, -11.4221
10, 5.56112, -10.4029
10, 4.84375, -11.4221
10, 4.53125, -10.3725
10, 4.23232, -12.2413
10, 4.84375, -11.4221
10, 5.25729, -12.3217
10, 6.68378, -8.60388
10, 5.78125, -9.3229
10, 5.625, -8.21156
10, 6.54196, -10.1135
10, 5.78125, -9.3229
10, 6.68378, -8.60388
10, 7.30724, -7.46185
10, 6.68378, -8.60388
10, 6.46484, -7.29316
10, 5.56641, -6.96902
10, 6.46484, -7.29316
10, 5.625, -8.21156
10, 6.46484, -7.29316
10, 6.68378, -8.60388
10, 5.625, -8.21156
10, 4.61805, -6.62687
10, 3.38211, -7.5543
10, 3.34375, -6.56925
10, 4.61805, -6.62687
10, 4.53125, -7.77938
10, 3.38211, -7.5543
10, 3.34375, -6.56925
10, 3.38211, -7.5543
10, 2.19469, -7.4519
10, 4.6875, -9.07594
10, 3.60282, -9.46799
10, 3.55628, -8.42766
10, 3.55628, -8.42766
10, 4.53125, -7.77938
10, 4.6875, -9.07594
10, 3.55628, -8.42766
10, 3.38211, -7.5543
10, 4.53125, -7.77938
10, 6.54196, -10.1135
10, 5.56112, -10.4029
10, 5.78125, -9.3229
10, 5.625, -8.21156
10, 4.53125, -7.77938
10, 5.56641, -6.96902
10, 5.56641, -6.96902
10, 4.53125, -7.77938
10, 4.61805, -6.62687
10, 4.53125, -7.77938
10, 5.625, -8.21156
10, 4.6875, -9.07594
10, 3.60282, -9.46799
10, 4.53125, -10.3725
10, 3.14718, -10.4884
10, 3.60282, -9.46799
10, 4.6875, -9.07594
10, 4.53125, -10.3725
10, 5.625, -8.21156
10, 5.78125, -9.3229
10, 4.6875, -9.07594
10, 5.56112, -10.4029
10, 4.6875, -9.07594
10, 5.78125, -9.3229
10, 4.53125, -10.3725
10, 4.6875, -9.07594
10, 5.56112, -10.4029
10, 6.79688, -5.18625
10, 7.70082, -5.18338
10, 7.5987, -6.28918
10, 8.8279, -2.99588
10, 8.39854, -4.19677
10, 7.8125, -3.02531
10, 7.8125, -3.02531
10, 8.39854, -4.19677
10, 7.09375, -3.88969
10, 7.09375, -3.88969
10, 6.12847, -4.36989
10, 5.74653, -3.40948
10, 6.12847, -4.36989
10, 7.09375, -3.88969
10, 6.79688, -5.18625
10, 7.09375, -3.88969
10, 7.70082, -5.18338
10, 6.79688, -5.18625
10, 8.39854, -4.19677
10, 7.70082, -5.18338
10, 7.09375, -3.88969
10, 7.91667, -1.72875
10, 8.87961, -1.71401
10, 8.8279, -2.99588
9.94722, 9.76471, -0.904157
10, 8.87961, -1.71401
10, 8.78472, -0.480208
9.50249, 9.97707, -0.323379
9.94722, 9.76471, -0.904157
10, 8.78472, -0.480208
10, 7.91667, -1.72875
10, 7.59375, -0.518625
10, 8.78472, -0.480208
10, 8.78472, -0.480208
10, 8.87961, -1.71401
10, 7.91667, -1.72875
10, 6.34766, -0.486211
10, 7.59375, -0.518625
10, 6.73438, -1.42622
10, 5.24305, -1.63271
10, 5.375, -0.518625
10, 6.34766, -0.486211
10, 5.74653, -3.40948
10, 5.86805, -2.305
10, 6.875, -2.59313
10, 6.875, -2.59313
10, 5.86805, -2.305
10, 6.73438, -1.42622
10, 6.34766, -0.486211
10, 6.73438, -1.42622
10, 5.24305, -1.63271
10, 5.24305, -1.63271
10, 6.73438, -1.42622
10, 5.86805, -2.305
10, 8.8279, -2.99588
10, 7.8125, -3.02531
10, 7.91667, -1.72875
10, 7.59375, -0.518625
10, 7.91667, -1.72875
10, 6.73438, -1.42622
10, 6.875, -2.59313
10, 7.09375, -3.88969
10, 5.74653, -3.40948
10, 7.09375, -3.88969
10, 6.875, -2.59313
10, 7.8125, -3.02531
10, 7.91667, -1.72875
10, 6.875, -2.59313
10, 6.73438, -1.42622
10, 6.875, -2.59313
10, 7.91667, -1.72875
10, 7.8125, -3.02531
10, 2.34375, -0.672292
10, 3.33984, -0.486211
10, 3.03819, -1.58469
10, 3.55903, -2.64115
10, 3.03819, -1.58469
10, 4.21875, -1.72875
10, 4.21875, -1.72875
10, 3.33984, -0.486211
10, 4.375, -0.508456
10, 3.03819, -1.58469
10, 3.33984, -0.486211
10, 4.21875, -1.72875
10, 1.34766, -0.486211
10, 2.34375, -0.672292
10, 1.57812, -1.59909
9.82604, 0.183152, -1.31862
9.93697, 0.303405, -0.453757
10, 1.34766, -0.486211
9.92861, 0.279276, -2.18233
10, 1.57812, -1.59909
10, 1.26971, -2.64447
10, 1.34766, -0.486211
10, 1.57812, -1.59909
9.82604, 0.183152, -1.31862
9.82604, 0.183152, -1.31862
10, 1.57812, -1.59909
9.92861, 0.279276, -2.18233
10, 2.46412, -6.03923
10, 1.76916, -5.15905
10, 2.8125, -4.75406
10, 3.75, -3.88969
10, 2.8125, -4.75406
10, 2.69097, -3.50552
10, 2.8125, -4.75406
10, 1.76916, -5.15905
10, 1.72482, -3.99023
10, 2.69097, -3.50552
10, 2.8125, -4.75406
10, 1.72482, -3.99023
10, 1.57812, -1.59909
10, 2.34375, -0.672292
10, 3.03819, -1.58469
10, 1.57812, -1.59909
10, 2.30903, -2.5451
10, 1.26971, -2.64447
10, 1.26971, -2.64447
10, 1.72482, -3.99023
10, 0.88851, -3.65211
10, 1.72482, -3.99023
10, 2.30903, -2.5451
10, 2.69097, -3.50552
10, 1.26971, -2.64447
10, 2.30903, -2.5451
10, 1.72482, -3.99023
10, 2.69097, -3.50552
10, 3.55903, -2.64115
10, 3.75, -3.88969
10, 3.03819, -1.58469
10, 3.55903, -2.64115
10, 2.30903, -2.5451
10, 3.55903, -2.64115
10, 2.69097, -3.50552
10, 2.30903, -2.5451
10, 2.30903, -2.5451
10, 1.57812, -1.59909
10, 3.03819, -1.58469
10, 7.5987, -6.28918
10, 7.30724, -7.46185
10, 6.46484, -7.29316
10, 7.5987, -6.28918
10, 6.37153, -6.09865
10, 6.79688, -5.18625
10, 6.37153, -6.09865
10, 7.5987, -6.28918
10, 6.46484, -7.29316
10, 5.36932, -5.57915
10, 6.12847, -4.36989
10, 6.79688, -5.18625
10, 5.36932, -5.57915
10, 5.56641, -6.96902
10, 4.61805, -6.62687
10, 5.56641, -6.96902
10, 6.37153, -6.09865
10, 6.46484, -7.29316
10, 5.56641, -6.96902
10, 5.36932, -5.57915
10, 6.37153, -6.09865
10, 6.79688, -5.18625
10, 6.37153, -6.09865
10, 5.36932, -5.57915
10, 5.86805, -2.305
10, 5.74653, -3.40948
10, 4.6875, -3.02531
10, 4.375, -0.508456
10, 5.24305, -1.63271
10, 4.21875, -1.72875
10, 5.375, -0.518625
10, 5.24305, -1.63271
10, 4.375, -0.508456
10, 4.21875, -1.72875
10, 4.6875, -3.02531
10, 3.55903, -2.64115
10, 3.55903, -2.64115
10, 4.6875, -3.02531
10, 3.75, -3.88969
10, 4.21875, -1.72875
10, 5.24305, -1.63271
10, 4.6875, -3.02531
10, 4.6875, -3.02531
10, 5.24305, -1.63271
10, 5.86805, -2.305
10, 3.75, -3.88969
10, 4.0625, -4.99417
10, 2.8125, -4.75406
10, 2.8125, -4.75406
10, 3.96484, -5.78051
10, 2.46412, -6.03923
10, 2.46412, -6.03923
10, 3.96484, -5.78051
10, 3.34375, -6.56925
10, 2.46412, -6.03923
10, 3.34375, -6.56925
10, 2.19469, -7.4519
10, 4.61805, -6.62687
10, 3.34375, -6.56925
10, 3.96484, -5.78051
10, 2.8125, -4.75406
10, 4.0625, -4.99417
10, 3.96484, -5.78051
10, 5.74653, -3.40948
10, 4.9375, -4.32188
10, 4.6875, -3.02531
10, 4.9375, -4.32188
10, 6.12847, -4.36989
10, 5.36932, -5.57915
10, 5.74653, -3.40948
10, 6.12847, -4.36989
10, 4.9375, -4.32188
10, 3.75, -3.88969
10, 4.9375, -4.32188
10, 4.0625, -4.99417
10, 4.6875, -3.02531
10, 4.9375, -4.32188
10, 3.75, -3.88969
10, 3.96484, -5.78051
10, 5.36932, -5.57915
10, 4.61805, -6.62687
10, 3.96484, -5.78051
10, 4.0625, -4.99417
10, 5.36932, -5.57915
10, 4.0625, -4.99417
10, 4.9375, -4.32188
10, 5.36932, -5.57915
10, 4.23232, -12.2413
9.9031, 4.96282, -13.4483
9.69557, 4.01101, -13.0264
10, 3.60282, -9.46799
10, 2.51078, -8.75515
10, 3.55628, -8.42766
10, 3.55628, -8.42766
10, 2.51078, -8.75515
10, 3.38211, -7.5543
10, 3.38211, -7.5543
10, 2.51078, -8.75515
10, 2.19469, -7.4519
10, 2.3137, -9.90932
10, 3.60282, -9.46799
10, 3.14718, -10.4884
10, 2.3137, -9.90932
10, 2.51078, -8.75515
10, 3.60282, -9.46799
9.80307, 3.20629, -12.2997
9.92415, 2.49429, -11.5855
10, 3.65837, -11.2858
10, 3.65837, -11.2858
9.92415, 2.49429, -11.5855
10, 3.14718, -10.4884
9.80307, 3.20629, -12.2997
10, 4.23232, -12.2413
9.69557, 4.01101, -13.0264
9.80307, 3.20629, -12.2997
10, 3.65837, -11.2858
10, 4.23232, -12.2413
10, 1.72482, -3.99023
10, 1.76916, -5.15905
10, 0.78125, -4.93268
10, 1.37019, -6.30197
10, 1.76916, -5.15905
10, 2.46412, -6.03923
9.92861, 0.279276, -2.18233
10, 0.88851, -3.65211
9.67105, 0.0986842, -3.07998
9.92861, 0.279276, -2.18233
10, 1.26971, -2.64447
10, 0.88851, -3.65211
10, 0.88851, -3.65211
9.78774, 0.117924, -4.07028
9.67105, 0.0986842, -3.07998
9.54082, 0.0127551, -4.99701
9.78774, 0.117924, -4.07028
10, 0.78125, -4.93268
10, 0.388889, -5.91595
10, 0.78125, -4.93268
10, 1.37019, -6.30197
10, 0.88851, -3.65211
10, 1.72482, -3.99023
10, 0.78125, -4.93268
10, 1.37019, -6.30197
10, 0.78125, -4.93268
10, 1.76916, -5.15905
10, 0.88851, -3.65211
10, 0.78125, -4.93268
9.78774, 0.117924, -4.07028
10, 1.33152, -8.42484
9.82143, 0.159439, -7.83259
10, 1.12216, -7.37946
9.82143, 0.159439, -7.83259
9.79545, 0.147727, -6.88589
10, 1.12216, -7.37946
9.79095, 1.02048, -10.5825
9.7721, 0.308245, -10.0957
10, 1.28125, -9.45644
10, 1.28125, -9.45644
9.7721, 0.308245, -10.0957
9.77041, 0.127551, -9.37066
10, 2.3137, -9.90932
9.93588, 1.78378, -10.9846
10, 1.28125, -9.45644
9.93588, 1.78378, -10.9846
9.79095, 1.02048, -10.5825
10, 1.28125, -9.45644
9.77041, 0.127551, -9.37066
9.83696, 0.217391, -8.61082
10, 1.28125, -9.45644
10, 1.33152, -8.42484
9.83696, 0.217391, -8.61082
9.82143, 0.159439, -7.83259
10, 1.28125, -9.45644
9.83696, 0.217391, -8.61082
10, 1.33152, -8.42484
10, 2.46412, -6.03923
10, 2.19469, -7.4519
10, 1.37019, -6.30197
10, 0.78125, -4.93268
10, 0.388889, -5.91595
9.54082, 0.0127551, -4.99701
10, 0.388889, -5.91595
10, 1.12216, -7.37946
9.79545, 0.147727, -6.88589
10, 0.388889, -5.91595
10, 1.37019, -6.30197
10, 1.12216, -7.37946
10, 1.28125, -9.45644
10, 1.33152, -8.42484
10, 2.51078, -8.75515
9.92415, 2.49429, -11.5855
10, 2.3137, -9.90932
10, 3.14718, -10.4884
9.92415, 2.49429, -11.5855
9.93588, 1.78378, -10.9846
10, 2.3137, -9.90932
10, 2.3137, -9.90932
10, 1.28125, -9.45644
10, 2.51078, -8.75515
10, 2.19469, -7.4519
10, 1.12216, -7.37946
10, 1.37019, -6.30197
10, 2.19469, -7.4519
10, 2.51078, -8.75515
10, 1.33152, -8.42484
10, 1.33152, -8.42484
10, 1.12216, -7.37946
10, 2.19469, -7.4519
8.76748, 9.65048, -10.2677
9.81037, 9.14649, -10.4801
9.66975, 9.90267, -9.81966
9.83169, 8.32345, -11.102
9.81037, 9.14649, -10.4801
8.91447, 8.66776, -11.0205
8.76748, 9.65048, -10.2677
7.89474, 9.16118, -10.6425
8.91447, 8.66776, -11.0205
8.91447, 8.66776, -11.0205
9.81037, 9.14649, -10.4801
8.76748, 9.65048, -10.2677
7.70221, 7.5, -11.915
8.8125, 7.39844, -11.9928
8.19444, 8.18576, -11.3897
8.91447, 8.66776, -11.0205
8.8125, 7.39844, -11.9928
9.83169, 8.32345, -11.102
8.19444, 8.18576, -11.3897
8.8125, 7.39844, -11.9928
8.91447, 8.66776, -11.0205
8.8125, 7.39844, -11.9928
9.80307, 7.60526, -11.678
9.83169, 8.32345, -11.102
6.71875, 7.78646, -11.6956
7.70221, 7.5, -11.915
7.07237, 8.49507, -11.1528
7.70221, 7.5, -11.915
8.19444, 8.18576, -11.3897
7.07237, 8.49507, -11.1528
7.07237, 8.49507, -11.1528
8.19444, 8.18576, -11.3897
7.89474, 9.16118, -10.6425
7.89474, 9.16118, -10.6425
8.19444, 8.18576, -11.3897
8.91447, 8.66776, -11.0205
9.92418, 5.86442, -12.9299
9.68315, 6.75232, -12.3666
8.99306, 5.95486, -13.0986
8.99306, 5.95486, -13.0986
9.68315, 6.75232, -12.3666
8.25658, 6.38158, -12.7717
8.25658, 6.38158, -12.7717
9.68315, 6.75232, -12.3666
8.8125, 7.39844, -11.9928
8.10764, 5.33854, -13.5574
9.0954, 5.04112, -13.6347
8.99306, 5.95486, -13.0986
9.0954, 5.04112, -13.6347
9.92418, 5.86442, -12.9299
8.99306, 5.95486, -13.0986
9.9031, 4.96282, -13.4483
9.92418, 5.86442, -12.9299
9.0954, 5.04112, -13.6347
5.83882, 5.96217, -13.093
7.1007, 5.42535, -13.5042
6.9618, 6.13715, -12.9589
5.91912, 5.1011, -13.654
6.62109, 4.62891, -13.5308
7.1007, 5.42535, -13.5042
5.91912, 5.1011, -13.654
7.1007, 5.42535, -13.5042
5.83882, 5.96217, -13.093
8.10764, 5.33854, -13.5574
7.1007, 5.42535, -13.5042
7.5, 4.56055, -13.4934
7.1007, 5.42535, -13.5042
8.25658, 6.38158, -12.7717
6.9618, 6.13715, -12.9589
7.1007, 5.42535, -13.5042
8.10764, 5.33854, -13.5574
8.25658, 6.38158, -12.7717
8.10764, 5.33854, -13.5574
8.99306, 5.95486, -13.0986
8.25658, 6.38158, -12.7717
2.30903, 5.0434, -13.6904
3.375, 4.6875, -13.5667
2.75391, 5.6543, -13.3288
3.375, 4.6875, -13.5667
3.84191, 5.56985, -13.3935
2.75391, 5.6543, -13.3288
3.375, 4.6875, -13.5667
4.31641, 4.78516, -13.6056
3.84191, 5.56985, -13.3935
5.04934, 5.1398, -13.6095
3.84191, 5.56985, -13.3935
4.31641, 4.78516, -13.6056
4.62891, 6.04492, -13.0296
3.84191, 5.56985, -13.3935
5.04934, 5.1398, -13.6095
2.46094, 6.34766, -12.7977
1.50735, 5.7261, -13.2738
2.75391, 5.6543, -13.3288
1.50735, 5.7261, -13.2738
1.05903, 5.00868, -13.6904
2.30903, 5.0434, -13.6904
2.75391, 5.6543, -13.3288
1.50735, 5.7261, -13.2738
2.30903, 5.0434, -13.6904
5.04464, 7.53348, -11.8893
4.35662, 6.93015, -12.3515
5.3125, 6.68945, -12.5359
3.52941, 6.3511, -12.795
4.62891, 6.04492, -13.0296
4.35662, 6.93015, -12.3515
5.3125, 6.68945, -12.5359
4.35662, 6.93015, -12.3515
4.62891, 6.04492, -13.0296
3.32237, 7.13816, -12.1922
3.52941, 6.3511, -12.795
4.35662, 6.93015, -12.3515
2.46094, 6.34766, -12.7977
2.75391, 5.6543, -13.3288
3.52941, 6.3511, -12.795
4.62891, 6.04492, -13.0296
3.52941, 6.3511, -12.795
3.84191, 5.56985, -13.3935
3.52941, 6.3511, -12.795
2.75391, 5.6543, -13.3288
3.84191, 5.56985, -13.3935
9.80307, 7.60526, -11.678
8.8125, 7.39844, -11.9928
9.68315, 6.75232, -12.3666
8.25658, 6.38158, -12.7717
7.55859, 6.81641, -12.4386
6.9618, 6.13715, -12.9589
8.25658, 6.38158, -12.7717
8.8125, 7.39844, -11.9928
7.55859, 6.81641, -12.4386
7.55859, 6.81641, -12.4386
8.8125, 7.39844, -11.9928
7.70221, 7.5, -11.915
5.04934, 5.1398, -13.6095
5.91912, 5.1011, -13.654
5.83882, 5.96217, -13.093
5.04934, 5.1398, -13.6095
5.83882, 5.96217, -13.093
4.62891, 6.04492, -13.0296
4.62891, 6.04492, -13.0296
5.83882, 5.96217, -13.093
5.3125, 6.68945, -12.5359
5.04464, 7.53348, -11.8893
5.3125, 6.68945, -12.5359
5.89286, 7.53348, -11.8893
6.71875, 7.78646, -11.6956
5.89286, 7.53348, -11.8893
6.39803, 6.85033, -12.4127
7.70221, 7.5, -11.915
6.71875, 7.78646, -11.6956
6.39803, 6.85033, -12.4127
5.89286, 7.53348, -11.8893
5.3125, 6.68945, -12.5359
6.39803, 6.85033, -12.4127
5.3125, 6.68945, -12.5359
5.83882, 5.96217, -13.093
6.39803, 6.85033, -12.4127
6.39803, 6.85033, -12.4127
7.55859, 6.81641, -12.4386
7.70221, 7.5, -11.915
5.83882, 5.96217, -13.093
6.9618, 6.13715, -12.9589
6.39803, 6.85033, -12.4127
7.55859, 6.81641, -12.4386
6.39803, 6.85033, -12.4127
6.9618, 6.13715, -12.9589
7.89474, 9.16118, -10.6425
8.76748, 9.65048, -10.2677
7.71656, 9.92232, -9.88683
7.07237, 8.49507, -11.1528
5.5625, 8.32812, -11.2807
6.71875, 7.78646, -11.6956
5.5625, 8.32812, -11.2807
7.07237, 8.49507, -11.1528
5.91912, 9.02573, -10.7463
6.71875, 7.78646, -11.6956
5.5625, 8.32812, -11.2807
5.89286, 7.53348, -11.8893
5.89286, 7.53348, -11.8893
5.5625, 8.32812, -11.2807
5.04464, 7.53348, -11.8893
4.45312, 8.79688, -10.9216
5.91912, 9.02573, -10.7463
5.04464, 9.40848, -10.4531
5.3486, 9.99041, -9.58092
5.04464, 9.40848, -10.4531
5.9375, 9.80562, -10.1146
7.71656, 9.92232, -9.88683
6.70561, 9.98345, -9.61843
6.85662, 9.31985, -10.521
6.85662, 9.31985, -10.521
5.9375, 9.80562, -10.1146
5.91912, 9.02573, -10.7463
6.85662, 9.31985, -10.521
6.70561, 9.98345, -9.61843
5.9375, 9.80562, -10.1146
5.9375, 9.80562, -10.1146
5.04464, 9.40848, -10.4531
5.91912, 9.02573, -10.7463
7.07237, 8.49507, -11.1528
6.85662, 9.31985, -10.521
5.91912, 9.02573, -10.7463
6.85662, 9.31985, -10.521
7.07237, 8.49507, -11.1528
7.89474, 9.16118, -10.6425
5.5625, 8.32812, -11.2807
5.91912, 9.02573, -10.7463
4.45312, 8.79688, -10.9216
7.71656, 9.92232, -9.88683
6.85662, 9.31985, -10.521
7.89474, 9.16118, -10.6425
4.35662, 6.93015, -12.3515
5.04464, 7.53348, -11.8893
4.33594, 7.92969, -11.5859
3.32237, 7.13816, -12.1922
4.35662, 6.93015, -12.3515
4.33594, 7.92969, -11.5859
2.46094, 6.34766, -12.7977
3.32237, 7.13816, -12.1922
1.89732, 6.8192, -12.4365
3.52941, 6.3511, -12.795
3.32237, 7.13816, -12.1922
2.46094, 6.34766, -12.7977
1.89732, 6.8192, -12.4365
3.32237, 7.13816, -12.1922
2.37847, 7.49132, -11.9216
1.02941, 6.31434, -12.8232
1.50735, 5.7261, -13.2738
2.46094, 6.34766, -12.7977
1.05903, 5.00868, -13.6904
1.50735, 5.7261, -13.2738
0.188135, 5.39235, -13.3959
0.17191, 6.47644, -12.5572
0.188135, 5.39235, -13.3959
1.02941, 6.31434, -12.8232
0.188135, 5.39235, -13.3959
1.50735, 5.7261, -13.2738
1.02941, 6.31434, -12.8232
1.21094, 7.30469, -12.0646
0.17191, 6.47644, -12.5572
1.02941, 6.31434, -12.8232
2.37847, 7.49132, -11.9216
1.21094, 7.30469, -12.0646
1.89732, 6.8192, -12.4365
1.21094, 7.30469, -12.0646
0.209963, 7.33188, -11.9138
0.17191, 6.47644, -12.5572
2.46094, 6.34766, -12.7977
1.89732, 6.8192, -12.4365
1.02941, 6.31434, -12.8232
1.02941, 6.31434, -12.8232
1.89732, 6.8192, -12.4365
1.21094, 7.30469, -12.0646
0.209963, 7.33188, -11.9138
0.664062, 8.20312, -11.3764
0, 7.83849, -11.0118
0.198289, 8.93471, -10.6626
0.664062, 8.20312, -11.3764
1.39881, 9.04018, -10.7352
0, 7.83849, -11.0118
0.664062, 8.20312, -11.3764
0.198289, 8.93471, -10.6626
1.39881, 9.04018, -10.7352
1.58088, 8.18015, -11.394
2.5, 9.0625, -10.7181
2.5, 9.0625, -10.7181
1.58088, 8.18015, -11.394
2.5, 8.28125, -11.3166
1.39881, 9.04018, -10.7352
0.664062, 8.20312, -11.3764
1.58088, 8.18015, -11.394
1.39881, 9.04018, -10.7352
1.40625, 9.81573, -10.0924
0.198289, 8.93471, -10.6626
1.40625, 9.81573, -10.0924
0.205564, 9.72283, -10.0242
0.198289, 8.93471, -10.6626
2.5, 9.0625, -10.7181
3.4375, 8.90625, -10.8378
3.4375, 9.77294, -10.1018
2.5, 9.0625, -10.7181
3.4375, 9.77294, -10.1018
2.5, 9.8406, -10.0377
2.5, 9.0625, -10.7181
2.5, 9.8406, -10.0377
1.39881, 9.04018, -10.7352
2.5, 9.8406, -10.0377
1.40625, 9.81573, -10.0924
1.39881, 9.04018, -10.7352
4.33594, 7.92969, -11.5859
5.04464, 7.53348, -11.8893
5.5625, 8.32812, -11.2807
3.32237, 7.13816, -12.1922
3.4375, 8.04688, -11.4961
2.37847, 7.49132, -11.9216
4.45312, 8.79688, -10.9216
4.33594, 7.92969, -11.5859
5.5625, 8.32812, -11.2807
3.32237, 7.13816, -12.1922
4.33594, 7.92969, -11.5859
3.4375, 8.04688, -11.4961
1.21094, 7.30469, -12.0646
2.37847, 7.49132, -11.9216
1.58088, 8.18015, -11.394
1.58088, 8.18015, -11.394
2.37847, 7.49132, -11.9216
2.5, 8.28125, -11.3166
0.664062, 8.20312, -11.3764
1.21094, 7.30469, -12.0646
1.58088, 8.18015, -11.394
0.209963, 7.33188, -11.9138
1.21094, 7.30469, -12.0646
0.664062, 8.20312, -11.3764
4.34148, 9.80725, -10.0678
5.04464, 9.40848, -10.4531
5.3486, 9.99041, -9.58092
3.4375, 9.77294, -10.1018
3.4375, 8.90625, -10.8378
4.34148, 9.80725, -10.0678
4.34148, 9.80725, -10.0678
3.4375, 8.90625, -10.8378
4.45312, 8.79688, -10.9216
4.34148, 9.80725, -10.0678
4.45312, 8.79688, -10.9216
5.04464, 9.40848, -10.4531
2.5, 8.28125, -11.3166
2.37847, 7.49132, -11.9216
3.4375, 8.04688, -11.4961
2.5, 9.0625, -10.7181
2.5, 8.28125, -11.3166
3.4375, 8.90625, -10.8378
3.4375, 8.90625, -10.8378
2.5, 8.28125, -11.3166
3.4375, 8.04688, -11.4961
4.45312, 8.79688, -10.9216
3.4375, 8.90625, -10.8378
3.4375, 8.04688, -11.4961
4.33594, 7.92969, -11.5859
4.45312, 8.79688, -10.9216
3.4375, 8.04688, -11.4961
1.44531, 0.556641, -10.4264
2.04861, 1.37153, -11.0506
0.898438, 1.17188, -10.8977
0.0986704, 1.15641, -10.7135
0.225074, 0.390913, -10.1532
0.898438, 1.17188, -10.8977
1.44531, 0.556641, -10.4264
0.898438, 1.17188, -10.8977
0.225074, 0.390913, -10.1532
0.18963, 1.97644, -11.3403
0.0986704, 1.15641, -10.7135
0.898438, 1.17188, -10.8977
1.3125, 1.89583, -11.4522
0.18963, 1.97644, -11.3403
0.898438, 1.17188, -10.8977
1.28906, 2.66602, -12.0422
0.209046, 2.73923, -11.9323
0.18963, 1.97644, -11.3403
2.20486, 2.31771, -11.7754
1.28906, 2.66602, -12.0422
1.3125, 1.89583, -11.4522
0.18963, 1.97644, -11.3403
1.3125, 1.89583, -11.4522
1.28906, 2.66602, -12.0422
4.14474, 2.87007, -12.1985
4.09927, 2.00368, -11.5348
5.12868, 2.48162, -11.9009
4.09927, 2.00368, -11.5348
3.10547, 2.1582, -11.6532
3.34559, 1.36949, -11.049
2.04861, 1.37153, -11.0506
3.10547, 2.1582, -11.6532
2.20486, 2.31771, -11.7754
3.34559, 1.36949, -11.049
3.10547, 2.1582, -11.6532
2.04861, 1.37153, -11.0506
4.14474, 2.87007, -12.1985
3.10547, 2.1582, -11.6532
4.09927, 2.00368, -11.5348
1.3125, 1.89583, -11.4522
2.04861, 1.37153, -11.0506
2.20486, 2.31771, -11.7754
2.04861, 1.37153, -11.0506
1.3125, 1.89583, -11.4522
0.898438, 1.17188, -10.8977
0.0896789, 3.54429, -12.5014
0.209046, 2.73923, -11.9323
0.9375, 3.4375, -12.6331
0.9375, 3.4375, -12.6331
0.209046, 2.73923, -11.9323
1.28906, 2.66602, -12.0422
0.188135, 5.39235, -13.3959
0.0761452, 4.44296, -13.0666
1.05903, 5.00868, -13.6904
0.9375, 4.21875, -13.2316
1.71875, 4.29688, -13.2914
1.05903, 5.00868, -13.6904
2.30903, 5.0434, -13.6904
1.05903, 5.00868, -13.6904
1.71875, 4.29688, -13.2914
0.0761452, 4.44296, -13.0666
0.9375, 4.21875, -13.2316
1.05903, 5.00868, -13.6904
2.44792, 4.28385, -13.2814
3.375, 4.6875, -13.5667
2.30903, 5.0434, -13.6904
2.83482, 3.72768, -12.8554
3.375, 4.6875, -13.5667
2.44792, 4.28385, -13.2814
0.9375, 4.21875, -13.2316
0.0896789, 3.54429, -12.5014
0.9375, 3.4375, -12.6331
0.0761452, 4.44296, -13.0666
0.0896789, 3.54429, -12.5014
0.9375, 4.21875, -13.2316
2.30903, 5.0434, -13.6904
1.71875, 4.29688, -13.2914
2.44792, 4.28385, -13.2814
2.83482, 3.72768, -12.8554
2.44792, 4.28385, -13.2814
1.92708, 3.37674, -12.5866
1.92708, 3.37674, -12.5866
1.71875, 4.29688, -13.2914
0.9375, 3.4375, -12.6331
2.44792, 4.28385, -13.2814
1.71875, 4.29688, -13.2914
1.92708, 3.37674, -12.5866
1.71875, 4.29688, -13.2914
0.9375, 4.21875, -13.2316
0.9375, 3.4375, -12.6331
5.91912, 5.1011, -13.654
5.04934, 5.1398, -13.6095
5.66177, 4.19118, -13.2104
5.66177, 4.19118, -13.2104
5.04934, 5.1398, -13.6095
4.70833, 4.01042, -13.072
7.1007, 5.42535, -13.5042
6.62109, 4.62891, -13.5308
7.5, 4.56055, -13.4934
6.62109, 4.62891, -13.5308
5.91912, 5.1011, -13.654
5.66177, 4.19118, -13.2104
8.10764, 5.33854, -13.5574
8.50694, 4.39236, -13.3645
9.0954, 5.04112, -13.6347
8.10764, 5.33854, -13.5574
7.5, 4.56055, -13.4934
8.50694, 4.39236, -13.3645
7.5, 3.75, -12.8725
8.50694, 4.39236, -13.3645
7.5, 4.56055, -13.4934
5.12868, 2.48162, -11.9009
6.14583, 2.89062, -12.2142
5.19097, 3.32465, -12.5467
5.66177, 4.19118, -13.2104
5.19097, 3.32465, -12.5467
6.46382, 3.70066, -12.8347
5.19097, 3.32465, -12.5467
6.14583, 2.89062, -12.2142
6.46382, 3.70066, -12.8347
7.5, 3.75, -12.8725
7.5, 4.56055, -13.4934
6.46382, 3.70066, -12.8347
5.19097, 3.32465, -12.5467
5.66177, 4.19118, -13.2104
4.70833, 4.01042, -13.072
7.5, 4.56055, -13.4934
6.62109, 4.62891, -13.5308
6.46382, 3.70066, -12.8347
6.46382, 3.70066, -12.8347
6.62109, 4.62891, -13.5308
5.66177, 4.19118, -13.2104
2.20486, 2.31771, -11.7754
1.92708, 3.37674, -12.5866
1.28906, 2.66602, -12.0422
3.02083, 2.96875, -12.2741
1.92708, 3.37674, -12.5866
2.20486, 2.31771, -11.7754
0.9375, 3.4375, -12.6331
1.28906, 2.66602, -12.0422
1.92708, 3.37674, -12.5866
2.83482, 3.72768, -12.8554
3.82812, 3.75, -12.8725
3.375, 4.6875, -13.5667
5.04934, 5.1398, -13.6095
4.31641, 4.78516, -13.6056
4.70833, 4.01042, -13.072
3.375, 4.6875, -13.5667
3.82812, 3.75, -12.8725
4.31641, 4.78516, -13.6056
4.31641, 4.78516, -13.6056
3.82812, 3.75, -12.8725
4.70833, 4.01042, -13.072
5.19097, 3.32465, -12.5467
4.70833, 4.01042, -13.072
3.82812, 3.75, -12.8725
4.14474, 2.87007, -12.1985
5.19097, 3.32465, -12.5467
3.82812, 3.75, -12.8725
5.19097, 3.32465, -12.5467
4.14474, 2.87007, -12.1985
5.12868, 2.48162, -11.9009
3.10547, 2.1582, -11.6532
4.14474, 2.87007, -12.1985
3.02083, 2.96875, -12.2741
3.10547, 2.1582, -11.6532
3.02083, 2.96875, -12.2741
2.20486, 2.31771, -11.7754
3.02083, 2.96875, -12.2741
2.83482, 3.72768, -12.8554
1.92708, 3.37674, -12.5866
3.82812, 3.75, -12.8725
3.02083, 2.96875, -12.2741
4.14474, 2.87007, -12.1985
3.02083, 2.96875, -12.2741
3.82812, 3.75, -12.8725
2.83482, 3.72768, -12.8554
1.44531, 0.556641, -10.4264
0.225074, 0.390913, -10.1532
1.36957, 0.0308041, -9.77905
2.04861, 1.37153, -11.0506
1.44531, 0.556641, -10.4264
2.66667, 0.854167, -10.6543
1.36957, 0.0308041, -9.77905
2.66947, 0.199859, -10.1266
1.44531, 0.556641, -10.4264
2.66667, 0.854167, -10.6543
1.44531, 0.556641, -10.4264
2.66947, 0.199859, -10.1266
2.04861, 1.37153, -11.0506
2.66667, 0.854167, -10.6543
3.34559, 1.36949, -11.049
5.12868, 2.48162, -11.9009
4.09927, 2.00368, -11.5348
5.15625, 1.64062, -11.2567
5.15625, 1.64062, -11.2567
4.09927, 2.00368, -11.5348
4.43359, 1.14258, -10.8752
4.43359, 1.14258, -10.8752
4.09927, 2.00368, -11.5348
3.34559, 1.36949, -11.049
5.20221, 0.615809, -10.4717
4.43359, 1.14258, -10.8752
3.86232, 0.461962, -10.3539
4.77627, 0.0385051, -9.78495
5.20221, 0.615809, -10.4717
3.86232, 0.461962, -10.3539
3.55663, 0, -9.4804
3.86232, 0.461962, -10.3539
2.66947, 0.199859, -10.1266
4.43359, 1.14258, -10.8752
3.34559, 1.36949, -11.049
3.86232, 0.461962, -10.3539
2.66947, 0.199859, -10.1266
3.86232, 0.461962, -10.3539
2.66667, 0.854167, -10.6543
3.86232, 0.461962, -10.3539
3.34559, 1.36949, -11.049
2.66667, 0.854167, -10.6543
6.46382, 3.70066, -12.8347
6.14583, 2.89062, -12.2142
7.37847, 3.00347, -12.3007
6.46382, 3.70066, -12.8347
7.37847, 3.00347, -12.3007
7.5, 3.75, -12.8725
6.14583, 2.89062, -12.2142
7.05882, 2.32537, -11.7812
7.37847, 3.00347, -12.3007
7.5, 3.75, -12.8725
8.59375, 3.67188, -12.8127
8.50694, 4.39236, -13.3645
9.0954, 5.04112, -13.6347
8.50694, 4.39236, -13.3645
9.69557, 4.01101, -13.0264
9.9031, 4.96282, -13.4483
9.0954, 5.04112, -13.6347
9.69557, 4.01101, -13.0264
8.59375, 3.67188, -12.8127
9.69557, 4.01101, -13.0264
8.50694, 4.39236, -13.3645
9.92415, 2.49429, -11.5855
9.80307, 3.20629, -12.2997
9.08482, 2.47768, -11.8979
8.10662, 2.13235, -11.6334
9.08482, 2.47768, -11.8979
8.52941, 3.01471, -12.3093
8.10662, 2.13235, -11.6334
7.37847, 3.00347, -12.3007
7.05882, 2.32537, -11.7812
8.10662, 2.13235, -11.6334
8.52941, 3.01471, -12.3093
7.37847, 3.00347, -12.3007
9.08482, 2.47768, -11.8979
9.80307, 3.20629, -12.2997
8.52941, 3.01471, -12.3093
8.59375, 3.67188, -12.8127
7.5, 3.75, -12.8725
7.37847, 3.00347, -12.3007
9.80307, 3.20629, -12.2997
8.59375, 3.67188, -12.8127
8.52941, 3.01471, -12.3093
9.69557, 4.01101, -13.0264
8.59375, 3.67188, -12.8127
9.80307, 3.20629, -12.2997
7.37847, 3.00347, -12.3007
8.52941, 3.01471, -12.3093
8.59375, 3.67188, -12.8127
9.93588, 1.78378, -10.9846
9.92415, 2.49429, -11.5855
8.98897, 1.70956, -11.3095
8.98897, 1.70956, -11.3095
9.92415, 2.49429, -11.5855
9.08482, 2.47768, -11.8979
9.79095, 1.02048, -10.5825
8.98897, 1.70956, -11.3095
8.73047, 0.966797, -10.7406
9.93588, 1.78378, -10.9846
8.98897, 1.70956, -11.3095
9.79095, 1.02048, -10.5825
7.76316, 1.13487, -10.8693
8.73047, 0.966797, -10.7406
8.98897, 1.70956, -11.3095
8.73047, 0.966797, -10.7406
8.75, 0.159396, -10.0377
9.79095, 1.02048, -10.5825
8.75, 0.159396, -10.0377
9.7721, 0.308245, -10.0957
9.79095, 1.02048, -10.5825
4.77627, 0.0385051, -9.78495
5.99492, 0.12003, -9.96489
5.20221, 0.615809, -10.4717
7.76316, 1.13487, -10.8693
6.91576, 0.408666, -10.313
7.8125, 0.295153, -10.2261
5.99492, 0.12003, -9.96489
6.91576, 0.408666, -10.313
6.11842, 1.02796, -10.7874
8.75, 0.159396, -10.0377
8.73047, 0.966797, -10.7406
7.8125, 0.295153, -10.2261
7.8125, 0.295153, -10.2261
8.73047, 0.966797, -10.7406
7.76316, 1.13487, -10.8693
6.14583, 2.89062, -12.2142
5.12868, 2.48162, -11.9009
6.06618, 1.96691, -11.5066
6.06618, 1.96691, -11.5066
5.12868, 2.48162, -11.9009
5.15625, 1.64062, -11.2567
6.14583, 2.89062, -12.2142
6.06618, 1.96691, -11.5066
7.05882, 2.32537, -11.7812
8.10662, 2.13235, -11.6334
7.05882, 2.32537, -11.7812
7.02206, 1.5625, -11.1969
8.98897, 1.70956, -11.3095
8.10662, 2.13235, -11.6334
7.76316, 1.13487, -10.8693
7.76316, 1.13487, -10.8693
8.10662, 2.13235, -11.6334
7.02206, 1.5625, -11.1969
9.08482, 2.47768, -11.8979
8.10662, 2.13235, -11.6334
8.98897, 1.70956, -11.3095
7.76316, 1.13487, -10.8693
7.02206, 1.5625, -11.1969
6.91576, 0.408666, -10.313
6.91576, 0.408666, -10.313
7.02206, 1.5625, -11.1969
6.11842, 1.02796, -10.7874
5.99492, 0.12003, -9.96489
6.11842, 1.02796, -10.7874
5.20221, 0.615809, -10.4717
5.15625, 1.64062, -11.2567
5.20221, 0.615809, -10.4717
6.11842, 1.02796, -10.7874
4.43359, 1.14258, -10.8752
5.20221, 0.615809, -10.4717
5.15625, 1.64062, -11.2567
7.02206, 1.5625, -11.1969
7.05882, 2.32537, -11.7812
6.06618, 1.96691, -11.5066
5.15625, 1.64062, -11.2567
6.11842, 1.02796, -10.7874
6.06618, 1.96691, -11.5066
6.11842, 1.02796, -10.7874
7.02206, 1.5625, -11.1969
6.06618, 1.96691, -11.5066
0, 0.901544, -1.52844
0, 1.39205, -0.426136
0.191556, 0.167588, -0.514112
0, 1.93971, -1.24816
0, 2.65625, -0.46875
0, 1.39205, -0.426136
0, 2.54165, -1.91205
0, 1.93971, -1.24816
0, 1.64217, -2.32747
0, 1.93971, -1.24816
0, 1.39205, -0.426136
0, 0.901544, -1.52844
0, 3.4375, -1.25
0, 3.95833, -0.46875
0, 2.65625, -0.46875
0, 5.28125, -1.34375
0, 3.95833, -0.46875
0, 4.47115, -1.89904
0, 4.9671, -0.493421
0, 3.95833, -0.46875
0, 5.28125, -1.34375
0, 4.47115, -1.89904
0, 3.95833, -0.46875
0, 3.4375, -1.25
0, 4.00568, -3.06818
0, 4.9375, -2.96875
0, 4.47115, -1.89904
0, 5.47183, -4.84067
0, 4.79167, -4.02778
0, 4.1944, -4.81406
0, 4.1944, -4.81406
0, 4.79167, -4.02778
0, 3.65713, -3.94247
0, 3.65713, -3.94247
0, 4.00568, -3.06818
0, 2.69046, -2.89934
0, 2.69046, -2.89934
0, 4.00568, -3.06818
0, 3.4375, -2.25
0, 4.79167, -4.02778
0, 4.9375, -2.96875
0, 4.00568, -3.06818
0, 4.79167, -4.02778
0, 4.00568, -3.06818
0, 3.65713, -3.94247
0, 3.4375, -1.25
0, 2.65625, -0.46875
0, 1.93971, -1.24816
0, 4.47115, -1.89904
0, 3.4375, -1.25
0, 3.4375, -2.25
0, 4.00568, -3.06818
0, 4.47115, -1.89904
0, 3.4375, -2.25
0, 3.4375, -2.25
0, 2.54165, -1.91205
0, 2.69046, -2.89934
0, 3.4375, -2.25
0, 3.4375, -1.25
0, 2.54165, -1.91205
0, 2.54165, -1.91205
0, 3.4375, -1.25
0, 1.93971, -1.24816
0, 7.1875, -1.5625
0, 6.12981, -0.504808
0, 6.27841, -1.67614
0, 7.30769, -0.504808
0, 6.12981, -0.504808
0, 7.1875, -1.5625
0, 8.64583, -0.46875
0, 8.125, -1.25
0, 9.02778, -1.66667
0.59375, 10, -1.96875
0.168269, 9.83173, -1.20192
0.0480769, 9.6875, -2.47596
0.0480769, 9.6875, -2.47596
0.168269, 9.83173, -1.20192
0, 9.02778, -1.66667
0.168269, 9.83173, -1.20192
0, 8.64583, -0.46875
0, 9.02778, -1.66667
0.1875, 9.8125, -0.375
0, 8.64583, -0.46875
0.168269, 9.83173, -1.20192
0.120192, 9.78365, -3.4375
0.0480769, 9.6875, -2.47596
0, 8.77841, -3.23864
0, 8.77841, -3.23864
0.0480769, 9.6875, -2.47596
0, 8.23864, -2.21591
0, 8.77841, -3.23864
0.0520833, 9.63542, -4.47917
0.120192, 9.78365, -3.4375
0, 7.84722, -3.22917
0, 8.23864, -2.21591
0, 7.22656, -2.46094
0, 7.84722, -3.22917
0, 8.77841, -3.23864
0, 8.23864, -2.21591
0, 8.125, -1.25
0, 7.30769, -0.504808
0, 7.1875, -1.5625
0, 8.64583, -0.46875
0, 7.30769, -0.504808
0, 8.125, -1.25
0.0480769, 9.6875, -2.47596
0, 9.02778, -1.66667
0, 8.23864, -2.21591
0, 7.22656, -2.46094
0, 8.23864, -2.21591
0, 7.1875, -1.5625
0, 7.1875, -1.5625
0, 8.23864, -2.21591
0, 8.125, -1.25
0, 9.02778, -1.66667
0, 8.125, -1.25
0, 8.23864, -2.21591
0, 8.56771, -5.23438
0.117188, 9.80469, -5.74219
0.0520833, 9.63542, -4.47917
0.120192, 9.78365, -6.875
0.117188, 9.80469, -5.74219
0, 8.875, -6.15625
0, 8.56771, -5.23438
0, 8.875, -6.15625
0.117188, 9.80469, -5.74219
0.145833, 9.83333, -8.83333
0.168269, 9.83173, -7.8125
0, 8.90933, -8.27817
0, 8.90933, -8.27817
0.168269, 9.83173, -7.8125
0, 8.61979, -7.26562
0.205564, 9.72283, -10.0242
0.145833, 9.83333, -8.83333
0, 8.83979, -9.28595
0, 8.83979, -9.28595
0.145833, 9.83333, -8.83333
0, 8.90933, -8.27817
0, 7.36928, -7.29962
0, 7.79711, -8.38609
0, 8.61979, -7.26562
0, 7.79711, -8.38609
0, 8.90933, -8.27817
0, 8.61979, -7.26562
0, 7.98611, -6.49305
0, 6.57456, -6.62088
0, 7.36928, -7.29962
0, 7.39583, -5.90278
0, 6.57456, -6.62088
0, 7.98611, -6.49305
0, 6.57456, -6.62088
0, 6.40625, -5.46875
0, 5.51279, -6.22394
0, 5.51279, -6.22394
0, 6.40625, -5.46875
0, 5.47183, -4.84067
0, 7.38636, -4.97159
0, 6.40625, -5.46875
0, 7.39583, -5.90278
0, 7.39583, -5.90278
0, 6.40625, -5.46875
0, 6.57456, -6.62088
0, 8.875, -6.15625
0, 8.61979, -7.26562
0.120192, 9.78365, -6.875
0.168269, 9.83173, -7.8125
0.120192, 9.78365, -6.875
0, 8.61979, -7.26562
0, 7.36928, -7.29962
0, 8.61979, -7.26562
0, 7.98611, -6.49305
0, 7.38636, -4.97159
0, 7.39583, -5.90278
0, 8.56771, -5.23438
0, 8.56771, -5.23438
0, 7.98611, -6.49305
0, 8.875, -6.15625
0, 7.39583, -5.90278
0, 7.98611, -6.49305
0, 8.56771, -5.23438
0, 8.875, -6.15625
0, 7.98611, -6.49305
0, 8.61979, -7.26562
0, 6.12981, -0.504808
0, 5.28125, -1.34375
0, 6.27841, -1.67614
0, 6.12981, -0.504808
0, 4.9671, -0.493421
0, 5.28125, -1.34375
0, 7.22656, -2.46094
0, 6.27841, -1.67614
0, 6.61932, -3.06818
0, 6.61932, -3.06818
0, 6.27841, -1.67614
0, 5.71875, -2.40625
0, 7.1875, -1.5625
0, 6.27841, -1.67614
0, 7.22656, -2.46094
0, 5.71875, -2.40625
0, 4.47115, -1.89904
0, 4.9375, -2.96875
0, 5.71875, -2.40625
0, 5.28125, -1.34375
0, 4.47115, -1.89904
0, 6.27841, -1.67614
0, 5.28125, -1.34375
0, 5.71875, -2.40625
0, 8.77841, -3.23864
0, 7.84722, -3.22917
0, 8.28125, -4.21875
0, 8.77841, -3.23864
0, 8.28125, -4.21875
0.0520833, 9.63542, -4.47917
0, 8.56771, -5.23438
0.0520833, 9.63542, -4.47917
0, 8.28125, -4.21875
0, 8.56771, -5.23438
0, 8.28125, -4.21875
0, 7.38636, -4.97159
0, 7.38636, -4.97159
0, 8.28125, -4.21875
0, 7.1875, -4
0, 8.28125, -4.21875
0, 7.84722, -3.22917
0, 7.1875, -4
0, 7.38636, -4.97159
0, 6.3125, -4.21875
0, 6.40625, -5.46875
0, 6.3125, -4.21875
0, 7.38636, -4.97159
0, 7.1875, -4
0, 4.79167, -4.02778
0, 5.65972, -3.54167
0, 4.9375, -2.96875
0, 6.40625, -5.46875
0, 6.3125, -4.21875
0, 5.47183, -4.84067
0, 5.47183, -4.84067
0, 5.65972, -3.54167
0, 4.79167, -4.02778
0, 5.47183, -4.84067
0, 6.3125, -4.21875
0, 5.65972, -3.54167
0, 7.84722, -3.22917
0, 6.61932, -3.06818
0, 7.1875, -4
0, 7.84722, -3.22917
0, 7.22656, -2.46094
0, 6.61932, -3.06818
0, 6.3125, -4.21875
0, 6.61932, -3.06818
0, 5.65972, -3.54167
0, 5.65972, -3.54167
0, 5.71875, -2.40625
0, 4.9375, -2.96875
0, 5.71875, -2.40625
0, 5.65972, -3.54167
0, 6.61932, -3.06818
0, 7.1875, -4
0, 6.61932, -3.06818
0, 6.3125, -4.21875
0, 1.93971, -1.24816
0, 0.901544, -1.52844
0, 1.64217, -2.32747
0, 2.54165, -1.91205
0, 1.64217, -2.32747
0, 2.69046, -2.89934
0, 2.69046, -2.89934
0, 1.64217, -2.32747
0, 1.79688, -3.31453
0, 1.79688, -3.31453
0, 0.760438, -2.76145
0, 1.00007, -3.85708
0, 0.901544, -1.52844
0, 0.760438, -2.76145
0, 1.64217, -2.32747
0, 1.79688, -3.31453
0, 1.64217, -2.32747
0, 0.760438, -2.76145
0, 3.65713, -3.94247
0, 2.69046, -2.89934
0, 2.76989, -3.94889
0, 4.1944, -4.81406
0, 4.65909, -5.56216
0, 5.47183, -4.84067
0, 4.65909, -5.56216
0, 4.1944, -4.81406
0, 3.75, -5.9575
0, 3.75, -5.9575
0, 4.1944, -4.81406
0, 3.20312, -4.99672
0, 4.1944, -4.81406
0, 3.65713, -3.94247
0, 3.20312, -4.99672
0, 3.20312, -4.99672
0, 3.65713, -3.94247
0, 2.76989, -3.94889
0, 2.24743, -5.67956
0, 3.20312, -4.99672
0, 2.35681, -4.95899
0, 2.89062, -6.33984
0, 3.20312, -4.99672
0, 2.24743, -5.67956
0, 2.89062, -6.33984
0, 3.75, -5.9575
0, 3.20312, -4.99672
0, 1.99724, -6.64007
0, 2.89062, -6.33984
0, 2.24743, -5.67956
0, 1.28345, -4.85592
0, 2.35681, -4.95899
0, 1.98945, -4.24616
0, 1.00007, -3.85708
0, 1.98945, -4.24616
0, 1.79688, -3.31453
0, 2.76989, -3.94889
0, 2.69046, -2.89934
0, 1.79688, -3.31453
0, 2.35681, -4.95899
0, 3.20312, -4.99672
0, 2.76989, -3.94889
0, 2.35681, -4.95899
0, 2.76989, -3.94889
0, 1.98945, -4.24616
0, 1.98945, -4.24616
0, 2.76989, -3.94889
0, 1.79688, -3.31453
0, 5.47183, -4.84067
0, 4.65909, -5.56216
0, 5.51279, -6.22394
0, 6.1849, -7.54159
0, 7.36928, -7.29962
0, 6.57456, -6.62088
0, 6.79688, -8.31453
0, 7.36928, -7.29962
0, 6.1849, -7.54159
0, 6.79688, -8.31453
0, 6.1849, -7.54159
0, 5.98011, -8.66423
0, 6.1849, -7.54159
0, 6.57456, -6.62088
0, 5.51279, -6.22394
0, 8.90933, -8.27817
0, 7.79711, -8.38609
0, 8.83979, -9.28595
0, 8.83979, -9.28595
0, 7.79711, -8.38609
0, 8.24219, -9.78284
0.198289, 8.93471, -10.6626
0, 8.83979, -9.28595
0, 8.24219, -9.78284
0.205564, 9.72283, -10.0242
0, 8.83979, -9.28595
0.198289, 8.93471, -10.6626
0, 7.83849, -11.0118
0.198289, 8.93471, -10.6626
0, 8.24219, -9.78284
0, 7.42188, -10.0433
0, 7.83849, -11.0118
0, 8.24219, -9.78284
0, 6.48438, -10.4066
0, 7.83849, -11.0118
0, 7.42188, -10.0433
0, 6.48438, -10.4066
0, 7.42188, -10.0433
0, 6.95312, -9.29859
0, 5.98011, -8.66423
0, 6.95312, -9.29859
0, 6.79688, -8.31453
0, 6.79688, -8.31453
0, 7.79711, -8.38609
0, 7.36928, -7.29962
0, 8.24219, -9.78284
0, 6.95312, -9.29859
0, 7.42188, -10.0433
0, 6.95312, -9.29859
0, 7.79711, -8.38609
0, 6.79688, -8.31453
0, 8.24219, -9.78284
0, 7.79711, -8.38609
0, 6.95312, -9.29859
0.209963, 7.33188, -11.9138
0, 6.40625, -11.452
0.17191, 6.47644, -12.5572
0.17191, 6.47644, -12.5572
0, 6.40625, -11.452
0, 5.58594, -12.2774
0, 5.70312, -9.70422
0, 5.42411, -10.8246
0, 6.48438, -10.4066
0, 5.42411, -10.8246
0, 6.40625, -11.452
0, 6.48438, -10.4066
0.17191, 6.47644, -12.5572
0, 5.58594, -12.2774
0.188135, 5.39235, -13.3959
0, 4.44993, -10.7161
0, 3.95782, -11.6814
0, 4.79934, -11.8699
0.188135, 5.39235, -13.3959
0, 5.58594, -12.2774
0.0761452, 4.44296, -13.0666
0.0761452, 4.44296, -13.0666
0, 5.58594, -12.2774
0, 4.79934, -11.8699
0, 2.9466, -9.35632
0, 3.87784, -8.91997
0, 3.10403, -8.1895
0, 3.87784, -8.91997
0, 3.72591, -10.1294
0, 4.59635, -9.58622
0, 2.9466, -9.35632
0, 3.72591, -10.1294
0, 3.87784, -8.91997
0, 2.14475, -7.55457
0, 3.35938, -7.08453
0, 1.99724, -6.64007
0, 2.14475, -7.55457
0, 3.10403, -8.1895
0, 3.35938, -7.08453
0, 3.10403, -8.1895
0, 3.87784, -8.91997
0, 4.14583, -7.825
0, 4.79934, -11.8699
0, 5.58594, -12.2774
0, 5.42411, -10.8246
0, 5.42411, -10.8246
0, 5.58594, -12.2774
0, 6.40625, -11.452
0, 3.72591, -10.1294
0, 4.44993, -10.7161
0, 4.59635, -9.58622
0, 4.59635, -9.58622
0, 4.44993, -10.7161
0, 5.42411, -10.8246
0, 5.70312, -9.70422
0, 4.59635, -9.58622
0, 5.42411, -10.8246
0, 4.44993, -10.7161
0, 4.79934, -11.8699
0, 5.42411, -10.8246
0, 6.1849, -7.54159
0, 5.51279, -6.22394
0, 5.20089, -7.52665
0, 5.98011, -8.66423
0, 6.1849, -7.54159
0, 5.20089, -7.52665
0, 3.75, -5.9575
0, 4.55966, -6.6919
0, 4.65909, -5.56216
0, 4.65909, -5.56216
0, 4.55966, -6.6919
0, 5.51279, -6.22394
0, 5.20089, -7.52665
0, 5.51279, -6.22394
0, 4.55966, -6.6919
0, 6.48438, -10.4066
0, 6.95312, -9.29859
0, 5.70312, -9.70422
0, 6.95312, -9.29859
0, 5.98011, -8.66423
0, 5.70312, -9.70422
0, 7.83849, -11.0118
0, 6.40625, -11.452
0.209963, 7.33188, -11.9138
0, 7.83849, -11.0118
0, 6.48438, -10.4066
0, 6.40625, -11.452
0, 5.70312, -9.70422
0, 5.07211, -8.72298
0, 4.59635, -9.58622
0, 5.07211, -8.72298
0, 5.70312, -9.70422
0, 5.98011, -8.66423
0, 4.59635, -9.58622
0, 5.07211, -8.72298
0, 3.87784, -8.91997
0, 3.87784, -8.91997
0, 5.07211, -8.72298
0, 4.14583, -7.825
0, 3.10403, -8.1895
0, 4.14583, -7.825
0, 3.35938, -7.08453
0, 3.35938, -7.08453
0, 2.89062, -6.33984
0, 1.99724, -6.64007
0, 2.89062, -6.33984
0, 3.35938, -7.08453
0, 3.75, -5.9575
0, 4.55966, -6.6919
0, 3.35938, -7.08453
0, 4.14583, -7.825
0, 3.75, -5.9575
0, 3.35938, -7.08453
0, 4.55966, -6.6919
0, 5.07211, -8.72298
0, 5.98011, -8.66423
0, 5.20089, -7.52665
0, 4.55966, -6.6919
0, 4.14583, -7.825
0, 5.20089, -7.52665
0, 5.07211, -8.72298
0, 5.20089, -7.52665
0, 4.14583, -7.825
0.191556, 0.167588, -0.514112
0.394737, 0.0493421, -1.5674
0, 0.901544, -1.52844
0, 0.760438, -2.76145
0.394737, 0.0493421, -1.5674
0.397727, 0.0331439, -2.60115
0, 0.760438, -2.76145
0, 0.901544, -1.52844
0.394737, 0.0493421, -1.5674
0, 1.98945, -4.24616
0, 1.00007, -3.85708
0, 1.28345, -4.85592
0, 2.35681, -4.95899
0, 1.28345, -4.85592
0, 2.24743, -5.67956
0, 1.99724, -6.64007
0, 2.24743, -5.67956
0, 1.19318, -5.92818
0, 2.24743, -5.67956
0, 1.28345, -4.85592
0, 1.19318, -5.92818
0.0490196, 0.294118, -5.00471
0, 1.28345, -4.85592
0, 1.00007, -3.85708
0.0490196, 0.294118, -5.00471
0, 1.19318, -5.92818
0, 1.28345, -4.85592
0.193965, 0.113147, -3.79357
0.0490196, 0.294118, -5.00471
0, 1.00007, -3.85708
0.193965, 0.113147, -3.79357
0, 0.760438, -2.76145
0.397727, 0.0331439, -2.60115
0, 0.760438, -2.76145
0.193965, 0.113147, -3.79357
0, 1.00007, -3.85708
0, 3.10403, -8.1895
0, 2.14475, -7.55457
0, 2.16283, -8.49883
0, 2.9466, -9.35632
0, 3.10403, -8.1895
0, 2.16283, -8.49883
0, 3.95782, -11.6814
0, 3.72591, -10.1294
0, 3.20724, -11.0752
0, 4.44993, -10.7161
0, 3.72591, -10.1294
0, 3.95782, -11.6814
0, 4.79934, -11.8699
0, 3.95782, -11.6814
0.0761452, 4.44296, -13.0666
0.0761452, 4.44296, -13.0666
0, 3.95782, -11.6814
0.0896789, 3.54429, -12.5014
0, 3.20724, -11.0752
0.209046, 2.73923, -11.9323
0.0896789, 3.54429, -12.5014
0.18963, 1.97644, -11.3403
0.209046, 2.73923, -11.9323
0, 2.61905, -10.3842
0, 2.61905, -10.3842
0.209046, 2.73923, -11.9323
0, 3.20724, -11.0752
0.0896789, 3.54429, -12.5014
0, 3.95782, -11.6814
0, 3.20724, -11.0752
0, 2.61905, -10.3842
0, 3.72591, -10.1294
0, 2.9466, -9.35632
0, 2.61905, -10.3842
0, 3.20724, -11.0752
0, 3.72591, -10.1294
0.0986704, 1.15641, -10.7135
0.18963, 1.97644, -11.3403
0, 1.73828, -10.2182
0, 1.93015, -9.38291
0, 1.01562, -9.32484
0, 1.73828, -10.2182
0.220588, 0.122549, -8.4701
0.239362, 0.0930851, -9.35322
0, 1.01562, -9.32484
0, 1.01562, -9.32484
0.239362, 0.0930851, -9.35322
0.225074, 0.390913, -10.1532
0, 1.14583, -8.28842
0, 1.11506, -7.10413
0.0625, 0.273438, -7.65477
0, 1.11506, -7.10413
0.229592, 0.114796, -6.84814
0.0625, 0.273438, -7.65477
0, 1.73828, -10.2182
0, 1.01562, -9.32484
0.0986704, 1.15641, -10.7135
0.225074, 0.390913, -10.1532
0.0986704, 1.15641, -10.7135
0, 1.01562, -9.32484
0.0625, 0.273438, -7.65477
0.220588, 0.122549, -8.4701
0, 1.14583, -8.28842
0.220588, 0.122549, -8.4701
0, 1.01562, -9.32484
0, 1.14583, -8.28842
0, 2.9466, -9.35632
0, 1.93015, -9.38291
0, 2.61905, -10.3842
0.18963, 1.97644, -11.3403
0, 2.61905, -10.3842
0, 1.73828, -10.2182
0, 1.01562, -9.32484
0, 1.93015, -9.38291
0, 1.14583, -8.28842
0, 1.14583, -8.28842
0, 1.93015, -9.38291
0, 2.16283, -8.49883
0, 1.73828, -10.2182
0, 2.61905, -10.3842
0, 1.93015, -9.38291
0.229592, 0.114796, -6.84814
0, 1.11506, -7.10413
0.197368, 0.164474, -5.9648
0.197368, 0.164474, -5.9648
0, 1.19318, -5.92818
0.0490196, 0.294118, -5.00471
0.197368, 0.164474, -5.9648
0, 1.11506, -7.10413
0, 1.19318, -5.92818
0, 2.9466, -9.35632
0, 2.16283, -8.49883
0, 1.93015, -9.38291
0, 1.19318, -5.92818
0, 1.11506, -7.10413
0, 1.99724, -6.64007
0, 1.99724, -6.64007
0, 1.11506, -7.10413
0, 2.14475, -7.55457
0, 1.14583, -8.28842
0, 2.14475, -7.55457
0, 1.11506, -7.10413
0, 1.14583, -8.28842
0, 2.16283, -8.49883
0, 2.14475, -7.55457
2.70833, 10, -1.48438
1.69643, 10, -1.94196
2.70833, 10, -2.57812
2.70833, 10, -1.48438
2.1875, 10, -0.535714
1.69643, 10, -1.94196
2.1875, 10, -0.535714
1.25, 10, -0.694444
1.69643, 10, -1.94196
4.71591, 10, -2.69886
4.94318, 10, -1.50568
3.86364, 10, -2.15909
3.86364, 10, -2.15909
4.94318, 10, -1.50568
3.8125, 10, -1.25
4.94318, 10, -1.50568
4.53125, 10, -0.46875
3.8125, 10, -1.25
3.8125, 10, -1.25
4.53125, 10, -0.46875
3.26705, 10, -0.426136
5.25, 10, -3.90625
4.71591, 10, -2.69886
4.40341, 10, -3.94886
3.64583, 10, -3.20312
4.71591, 10, -2.69886
3.86364, 10, -2.15909
5.25, 10, -3.90625
4.40341, 10, -3.94886
5.51339, 10, -4.91071
5.51339, 10, -4.91071
4.40341, 10, -3.94886
4.21875, 10, -5.08929
2.70833, 10, -2.57812
3.64583, 10, -3.20312
3.86364, 10, -2.15909
3.64583, 10, -3.20312
4.40341, 10, -3.94886
4.71591, 10, -2.69886
3.8125, 10, -1.25
3.26705, 10, -0.426136
2.70833, 10, -1.48438
2.70833, 10, -1.48438
3.26705, 10, -0.426136
2.1875, 10, -0.535714
2.70833, 10, -2.57812
3.86364, 10, -2.15909
2.70833, 10, -1.48438
3.86364, 10, -2.15909
3.8125, 10, -1.25
2.70833, 10, -1.48438
7.875, 10, -1.25
6.84659, 10, -1.67614
7.5625, 10, -2.34375
6.99519, 10, -0.504808
6.84659, 10, -1.67614
7.875, 10, -1.25
6.84659, 10, -1.67614
5.78125, 10, -0.535714
5.96875, 10, -1.625
6.84659, 10, -1.67614
6.99519, 10, -0.504808
5.78125, 10, -0.535714
9.88839, 9.82143, -2.01179
9.94722, 9.76471, -0.904157
9.0625, 10, -1.3125
9.50249, 9.97707, -0.323379
9.0625, 10, -1.3125
9.94722, 9.76471, -0.904157
9.0625, 10, -1.3125
9.50249, 9.97707, -0.323379
8.29545, 10, -0.426136
9.88839, 9.82143, -2.01179
9.3125, 10, -2.65625
9.9537, 9.7338, -3.31734
9.9537, 9.7338, -3.31734
9.23295, 10, -3.86364
9.95455, 9.64205, -4.42192
7.5625, 10, -2.34375
8.38068, 10, -3.18182
8.4375, 10, -2.125
9.23295, 10, -3.86364
9.9537, 9.7338, -3.31734
9.3125, 10, -2.65625
8.38068, 10, -3.18182
9.3125, 10, -2.65625
8.4375, 10, -2.125
9.23295, 10, -3.86364
9.3125, 10, -2.65625
8.38068, 10, -3.18182
8.29545, 10, -0.426136
7.875, 10, -1.25
9.0625, 10, -1.3125
7.875, 10, -1.25
8.29545, 10, -0.426136
6.99519, 10, -0.504808
9.88839, 9.82143, -2.01179
9.0625, 10, -1.3125
9.3125, 10, -2.65625
9.3125, 10, -2.65625
9.0625, 10, -1.3125
8.4375, 10, -2.125
7.875, 10, -1.25
7.5625, 10, -2.34375
8.4375, 10, -2.125
9.0625, 10, -1.3125
7.875, 10, -1.25
8.4375, 10, -2.125
9.77941, 9.88971, -7.51096
9.93182, 9.72727, -6.54414
9.09091, 10, -6.44886
7.8125, 10, -5.0625
8.46875, 10, -5.8125
8.87019, 10, -4.80769
9.93182, 9.72727, -6.54414
9.83333, 9.84375, -5.46344
9.09091, 10, -6.44886
8.87019, 10, -4.80769
8.46875, 10, -5.8125
9.83333, 9.84375, -5.46344
8.46875, 10, -5.8125
9.09091, 10, -6.44886
9.83333, 9.84375, -5.46344
9.125, 10, -8.59375
9.77941, 9.88971, -7.51096
8.78472, 10, -7.60417
9.90385, 9.83173, -8.55437
9.77941, 9.88971, -7.51096
9.125, 10, -8.59375
9.66975, 9.90267, -9.81966
9.90385, 9.83173, -8.55437
9.125, 10, -8.59375
8.01136, 10, -8.26705
9.125, 10, -8.59375
8.78472, 10, -7.60417
8.01136, 10, -8.26705
8.04688, 10, -6.97917
7.15909, 10, -7.38636
8.01136, 10, -8.26705
8.78472, 10, -7.60417
8.04688, 10, -6.97917
7.15909, 10, -7.38636
7.30769, 10, -6.12981
6.13636, 10, -6.84659
6.13636, 10, -6.84659
7.30769, 10, -6.12981
6.05114, 10, -5.96591
7.30769, 10, -6.12981
7.15909, 10, -7.38636
8.04688, 10, -6.97917
6.71875, 10, -5.08929
5.51339, 10, -4.91071
6.05114, 10, -5.96591
7.8125, 10, -5.0625
6.71875, 10, -5.08929
7.30769, 10, -6.12981
6.71875, 10, -5.08929
6.05114, 10, -5.96591
7.30769, 10, -6.12981
8.78472, 10, -7.60417
9.77941, 9.88971, -7.51096
9.09091, 10, -6.44886
7.8125, 10, -5.0625
7.30769, 10, -6.12981
8.46875, 10, -5.8125
8.04688, 10, -6.97917
8.78472, 10, -7.60417
9.09091, 10, -6.44886
7.30769, 10, -6.12981
8.04688, 10, -6.97917
8.46875, 10, -5.8125
8.46875, 10, -5.8125
8.04688, 10, -6.97917
9.09091, 10, -6.44886
5.96875, 10, -1.625
5.78125, 10, -0.535714
4.94318, 10, -1.50568
4.94318, 10, -1.50568
5.78125, 10, -0.535714
4.53125, 10, -0.46875
7.5625, 10, -2.34375
6.84659, 10, -1.67614
6.93182, 10, -2.98295
6.93182, 10, -2.98295
5.96875, 10, -1.625
5.69711, 10, -2.62019
6.93182, 10, -2.98295
6.84659, 10, -1.67614
5.96875, 10, -1.625
4.71591, 10, -2.69886
5.69711, 10, -2.62019
4.94318, 10, -1.50568
4.94318, 10, -1.50568
5.69711, 10, -2.62019
5.96875, 10, -1.625
8.38068, 10, -3.18182
7.5625, 10, -2.34375
6.93182, 10, -2.98295
7.83854, 10, -3.95833
8.38068, 10, -3.18182
6.93182, 10, -2.98295
9.23295, 10, -3.86364
8.87019, 10, -4.80769
9.95455, 9.64205, -4.42192
9.95455, 9.64205, -4.42192
8.87019, 10, -4.80769
9.83333, 9.84375, -5.46344
7.8125, 10, -5.0625
8.87019, 10, -4.80769
7.83854, 10, -3.95833
9.23295, 10, -3.86364
7.83854, 10, -3.95833
8.87019, 10, -4.80769
9.23295, 10, -3.86364
8.38068, 10, -3.18182
7.83854, 10, -3.95833
4.71591, 10, -2.69886
5.25, 10, -3.90625
5.69711, 10, -2.62019
5.69711, 10, -2.62019
5.25, 10, -3.90625
6.07639, 10, -3.50694
5.51339, 10, -4.91071
6.71875, 10, -5.08929
6.76136, 10, -4.09091
6.07639, 10, -3.50694
5.51339, 10, -4.91071
6.76136, 10, -4.09091
5.25, 10, -3.90625
5.51339, 10, -4.91071
6.07639, 10, -3.50694
7.83854, 10, -3.95833
6.76136, 10, -4.09091
7.8125, 10, -5.0625
7.8125, 10, -5.0625
6.76136, 10, -4.09091
6.71875, 10, -5.08929
7.83854, 10, -3.95833
6.93182, 10, -2.98295
6.76136, 10, -4.09091
6.07639, 10, -3.50694
6.93182, 10, -2.98295
5.69711, 10, -2.62019
6.76136, 10, -4.09091
6.93182, 10, -2.98295
6.07639, 10, -3.50694
0.1875, 9.8125, -0.375
0.168269, 9.83173, -1.20192
1.25, 10, -0.694444
0.59375, 10, -1.96875
1.25, 10, -0.694444
0.168269, 9.83173, -1.20192
1.69643, 10, -1.94196
1.25, 10, -0.694444
0.59375, 10, -1.96875
1.69643, 10, -1.94196
0.59375, 10, -1.96875
1.18304, 10, -2.99107
3.64583, 10, -3.20312
2.30769, 10, -3.55769
3.29545, 10, -4.17614
3.64583, 10, -3.20312
2.70833, 10, -2.57812
2.30769, 10, -3.55769
3.64583, 10, -3.20312
3.29545, 10, -4.17614
4.40341, 10, -3.94886
4.21875, 10, -5.08929
4.40341, 10, -3.94886
3.29545, 10, -4.17614
4.21875, 10, -5.08929
3.29545, 10, -4.17614
2.95455, 10, -5.11364
1.97917, 10, -4.60938
3.29545, 10, -4.17614
2.30769, 10, -3.55769
2.95455, 10, -5.11364
3.29545, 10, -4.17614
1.97917, 10, -4.60938
0.875, 10, -5
1.97917, 10, -4.60938
1.05114, 10, -4.03409
0.0520833, 9.63542, -4.47917
0.875, 10, -5
1.05114, 10, -4.03409
0.0480769, 9.6875, -2.47596
0.120192, 9.78365, -3.4375
1.18304, 10, -2.99107
1.18304, 10, -2.99107
0.120192, 9.78365, -3.4375
1.05114, 10, -4.03409
0.0520833, 9.63542, -4.47917
1.05114, 10, -4.03409
0.120192, 9.78365, -3.4375
1.18304, 10, -2.99107
2.70833, 10, -2.57812
1.69643, 10, -1.94196
2.30769, 10, -3.55769
2.70833, 10, -2.57812
1.18304, 10, -2.99107
1.05114, 10, -4.03409
1.97917, 10, -4.60938
2.30769, 10, -3.55769
0.0480769, 9.6875, -2.47596
1.18304, 10, -2.99107
0.59375, 10, -1.96875
2.30769, 10, -3.55769
1.18304, 10, -2.99107
1.05114, 10, -4.03409
5.51339, 10, -4.91071
4.97396, 10, -6.04167
6.05114, 10, -5.96591
7.15909, 10, -7.38636
6.13636, 10, -6.84659
6.1875, 10, -7.8125
6.1875, 10, -7.8125
6.13636, 10, -6.84659
5.21875, 10, -7.28125
4.97396, 10, -6.04167
5.21875, 10, -7.28125
6.13636, 10, -6.84659
4.97396, 10, -6.04167
6.13636, 10, -6.84659
6.05114, 10, -5.96591
8.01136, 10, -8.26705
8.46591, 10, -9.26136
9.125, 10, -8.59375
9.125, 10, -8.59375
8.46591, 10, -9.26136
9.66975, 9.90267, -9.81966
8.76748, 9.65048, -10.2677
9.66975, 9.90267, -9.81966
8.46591, 10, -9.26136
8.76748, 9.65048, -10.2677
8.46591, 10, -9.26136
7.71656, 9.92232, -9.88683
7.06731, 10, -8.62981
7.71656, 9.92232, -9.88683
8.46591, 10, -9.26136
8.46591, 10, -9.26136
8.01136, 10, -8.26705
7.06731, 10, -8.62981
4.64844, 10, -9.02344
5.80729, 10, -8.67188
4.71354, 10, -8.02083
5.21875, 10, -7.28125
4.71354, 10, -8.02083
5.80729, 10, -8.67188
5.9375, 9.80562, -10.1146
6.70561, 9.98345, -9.61843
5.3486, 9.99041, -9.58092
5.3486, 9.99041, -9.58092
5.80729, 10, -8.67188
4.64844, 10, -9.02344
5.80729, 10, -8.67188
5.3486, 9.99041, -9.58092
6.70561, 9.98345, -9.61843
7.06731, 10, -8.62981
7.15909, 10, -7.38636
6.1875, 10, -7.8125
8.01136, 10, -8.26705
7.15909, 10, -7.38636
7.06731, 10, -8.62981
6.70561, 9.98345, -9.61843
7.06731, 10, -8.62981
5.80729, 10, -8.67188
7.71656, 9.92232, -9.88683
7.06731, 10, -8.62981
6.70561, 9.98345, -9.61843
5.80729, 10, -8.67188
6.1875, 10, -7.8125
5.21875, 10, -7.28125
5.80729, 10, -8.67188
7.06731, 10, -8.62981
6.1875, 10, -7.8125
3.4375, 9.77294, -10.1018
4.34148, 9.80725, -10.0678
3.75, 10, -8.90625
3.75, 10, -8.90625
4.34148, 9.80725, -10.0678
4.64844, 10, -9.02344
2.5, 9.8406, -10.0377
3.4375, 9.77294, -10.1018
2.84091, 10, -8.94886
3.60577, 10, -7.76442
2.84091, 10, -8.94886
3.75, 10, -8.90625
2.42188, 10, -7.91667
2.84091, 10, -8.94886
3.60577, 10, -7.76442
3.4375, 9.77294, -10.1018
3.75, 10, -8.90625
2.84091, 10, -8.94886
2.5, 9.8406, -10.0377
1.875, 10, -9.125
1.40625, 9.81573, -10.0924
0.84375, 10, -9.28125
1.875, 10, -9.125
1.39205, 10, -8.23864
1.40625, 9.81573, -10.0924
1.875, 10, -9.125
0.84375, 10, -9.28125
1.40625, 9.81573, -10.0924
0.84375, 10, -9.28125
0.205564, 9.72283, -10.0242
0.205564, 9.72283, -10.0242
0.84375, 10, -9.28125
0.145833, 9.83333, -8.83333
0.168269, 9.83173, -7.8125
0.145833, 9.83333, -8.83333
1.39205, 10, -8.23864
1.39205, 10, -8.23864
0.145833, 9.83333, -8.83333
0.84375, 10, -9.28125
0.120192, 9.78365, -6.875
0.168269, 9.83173, -7.8125
1.07955, 10, -7.30114
2.05729, 10, -6.90104
1.01562, 10, -6.14583
1.07955, 10, -7.30114
0.117188, 9.80469, -5.74219
0.120192, 9.78365, -6.875
1.01562, 10, -6.14583
1.07955, 10, -7.30114
1.01562, 10, -6.14583
0.120192, 9.78365, -6.875
1.875, 10, -9.125
2.5, 9.8406, -10.0377
2.84091, 10, -8.94886
0.168269, 9.83173, -7.8125
1.39205, 10, -8.23864
1.07955, 10, -7.30114
1.07955, 10, -7.30114
2.42188, 10, -7.91667
2.05729, 10, -6.90104
1.07955, 10, -7.30114
1.39205, 10, -8.23864
2.42188, 10, -7.91667
2.42188, 10, -7.91667
1.875, 10, -9.125
2.84091, 10, -8.94886
2.42188, 10, -7.91667
1.39205, 10, -8.23864
1.875, 10, -9.125
5.51339, 10, -4.91071
4.21875, 10, -5.08929
4.97396, 10, -6.04167
4.97396, 10, -6.04167
4.21875, 10, -6.71875
5.21875, 10, -7.28125
4.21875, 10, -5.08929
2.95455, 10, -5.11364
3.4375, 10, -5.9375
4.21875, 10, -6.71875
4.97396, 10, -6.04167
3.4375, 10, -5.9375
3.4375, 10, -5.9375
4.97396, 10, -6.04167
4.21875, 10, -5.08929
5.3486, 9.99041, -9.58092
4.64844, 10, -9.02344
4.34148, 9.80725, -10.0678
4.64844, 10, -9.02344
4.71354, 10, -8.02083
3.75, 10, -8.90625
3.75, 10, -8.90625
4.71354, 10, -8.02083
3.60577, 10, -7.76442
1.01562, 10, -6.14583
2.05729, 10, -6.90104
2.03125, 10, -5.78125
0.117188, 9.80469, -5.74219
0.875, 10, -5
0.0520833, 9.63542, -4.47917
0.117188, 9.80469, -5.74219
1.01562, 10, -6.14583
0.875, 10, -5
0.875, 10, -5
2.03125, 10, -5.78125
1.97917, 10, -4.60938
1.97917, 10, -4.60938
2.03125, 10, -5.78125
2.95455, 10, -5.11364
1.01562, 10, -6.14583
2.03125, 10, -5.78125
0.875, 10, -5
4.71354, 10, -8.02083
5.21875, 10, -7.28125
4.21875, 10, -6.71875
4.71354, 10, -8.02083
4.21875, 10, -6.71875
3.60577, 10, -7.76442
3.60577, 10, -7.76442
3.09375, 10, -6.8125
2.42188, 10, -7.91667
2.42188, 10, -7.91667
3.09375, 10, -6.8125
2.05729, 10, -6.90104
2.05729, 10, -6.90104
3.09375, 10, -6.8125
2.03125, 10, -5.78125
2.03125, 10, -5.78125
3.09375, 10, -6.8125
3.4375, 10, -5.9375
2.03125, 10, -5.78125
3.4375, 10, -5.9375
2.95455, 10, -5.11364
3.09375, 10, -6.8125
3.60577, 10, -7.76442
4.21875, 10, -6.71875
3.4375, 10, -5.9375
3.09375, 10, -6.8125
4.21875, 10, -6.71875
9.93697, 0.303405, -0.453757
9.0375, 0, -0.65
9.53125, 0, -0
9.0375, 0, -0.65
8.125, 0, -0.535714
8.59375, 0, -0
8.125, 0, -0.535714
7.1875, 0, -0.535714
7.65625, 0, -0
7.1875, 0, -0.535714
6.14583, 0, -0.46875
6.71875, 0, -0
6.14583, 0, -0.46875
4.85417, 0, -0.583333
5.46875, 0, -0
4.85417, 0, -0.583333
3.62981, 0, -0.504808
4.21875, 0, -0
3.62981, 0, -0.504808
2.30769, 0, -0.504808
2.96875, 0, -0
2.30769, 0, -0.504808
1.25, 0, -0.535714
1.71875, 0, -0
1.25, 0, -0.535714
0.191556, 0.167588, -0.514112
0.78125, 0, -0
9.50249, 9.97707, -0.323379
10, 8.78472, -0.480208
10, 9.53125, -0
10, 8.78472, -0.480208
10, 7.59375, -0.518625
10, 8.28125, -0
10, 7.59375, -0.518625
10, 6.34766, -0.486211
10, 7.03125, -0
10, 6.34766, -0.486211
10, 5.375, -0.518625
10, 5.78125, -0
10, 5.375, -0.518625
10, 4.375, -0.508456
10, 4.84375, -0
10, 4.375, -0.508456
10, 3.33984, -0.486211
10, 3.90625, -0
10, 3.33984, -0.486211
10, 2.34375, -0.672292
10, 2.65625, -0
10, 2.34375, -0.672292
10, 1.34766, -0.486211
10, 2.03125, -0
10, 1.34766, -0.486211
9.93697, 0.303405, -0.453757
10, 0.78125, -0
0.191556, 0.167588, -0.514112
0, 1.39205, -0.426136
0, 0.78125, -0
0, 1.39205, -0.426136
0, 2.65625, -0.46875
0, 2.03125, -0
0, 2.65625, -0.46875
0, 3.95833, -0.46875
0, 3.28125, -0
0, 3.95833, -0.46875
0, 4.9671, -0.493421
0, 4.53125, -0
0, 4.9671, -0.493421
0, 6.12981, -0.504808
0, 5.46875, -0
0, 6.12981, -0.504808
0, 7.30769, -0.504808
0, 6.71875, -0
0, 7.30769, -0.504808
0, 8.64583, -0.46875
0, 7.96875, -0
0, 8.64583, -0.46875
0.1875, 9.8125, -0.375
0, 9.21875, -0
0.1875, 9.8125, -0.375
1.25, 10, -0.694444
0.78125, 10, -0
1.25, 10, -0.694444
2.1875, 10, -0.535714
1.71875, 10, -0
2.1875, 10, -0.535714
3.26705, 10, -0.426136
2.65625, 10, -0
3.26705, 10, -0.426136
4.53125, 10, -0.46875
3.90625, 10, -0
4.53125, 10, -0.46875
5.78125, 10, -0.535714
5.15625, 10, -0
5.78125, 10, -0.535714
6.99519, 10, -0.504808
6.40625, 10, -0
6.99519, 10, -0.504808
8.29545, 10, -0.426136
7.65625, 10, -0
8.29545, 10, -0.426136
9.50249, 9.97707, -0.323379
8.90625, 10, -0
9.53125, 0, -0
10, 0.78125, -0
9.93697, 0.303405, -0.453757
9.53125, 0, -0
9.0375, 0, -0.65
8.59375, 0, -0
8.59375, 0, -0
8.125, 0, -0.535714
7.65625, 0, -0
7.65625, 0, -0
7.1875, 0, -0.535714
6.71875, 0, -0
6.71875, 0, -0
6.14583, 0, -0.46875
5.46875, 0, -0
5.46875, 0, -0
4.85417, 0, -0.583333
4.21875, 0, -0
4.21875, 0, -0
3.62981, 0, -0.504808
2.96875, 0, -0
2.96875, 0, -0
2.30769, 0, -0.504808
1.71875, 0, -0
1.71875, 0, -0
1.25, 0, -0.535714
0.78125, 0, -0
0.78125, 0, -0
0.191556, 0.167588, -0.514112
0, 0.78125, -0
10, 9.53125, -0
8.90625, 10, -0
9.50249, 9.97707, -0.323379
10, 9.53125, -0
10, 8.78472, -0.480208
10, 8.28125, -0
10, 8.28125, -0
10, 7.59375, -0.518625
10, 7.03125, -0
10, 7.03125, -0
10, 6.34766, -0.486211
10, 5.78125, -0
10, 5.78125, -0
10, 5.375, -0.518625
10, 4.84375, -0
10, 4.84375, -0
10, 4.375, -0.508456
10, 3.90625, -0
10, 3.90625, -0
10, 3.33984, -0.486211
10, 2.65625, -0
10, 2.65625, -0
10, 2.34375, -0.672292
10, 2.03125, -0
10, 2.03125, -0
10, 1.34766, -0.486211
10, 0.78125, -0
0, 0.78125, -0
0, 1.39205, -0.426136
0, 2.03125, -0
0, 2.03125, -0
0, 2.65625, -0.46875
0, 3.28125, -0
0, 3.28125, -0
0, 3.95833, -0.46875
0, 4.53125, -0
0, 4.53125, -0
0, 4.9671, -0.493421
0, 5.46875, -0
0, 5.46875, -0
0, 6.12981, -0.504808
0, 6.71875, -0
0, 6.71875, -0
0, 7.30769, -0.504808
0, 7.96875, -0
0, 7.96875, -0
0, 8.64583, -0.46875
0, 9.21875, -0
0, 9.21875, -0
0.1875, 9.8125, -0.375
0.78125, 10, -0
0.78125, 10, -0
1.25, 10, -0.694444
1.71875, 10, -0
1.71875, 10, -0
2.1875, 10, -0.535714
2.65625, 10, -0
2.65625, 10, -0
3.26705, 10, -0.426136
3.90625, 10, -0
3.90625, 10, -0
4.53125, 10, -0.46875
5.15625, 10, -0
5.15625, 10, -0
5.78125, 10, -0.535714
6.40625, 10, -0
6.40625, 10, -0
6.99519, 10, -0.504808
7.65625, 10, -0
7.65625, 10, -0
8.29545, 10, -0.426136
8.90625, 10, -0
